date <- c("20230531","20230601","20230602","20230603","20230604","20230605","20230606","20230607","20230608","20230609","20230610","20230611","20230612","20230613","20230614","20230615","20230616","20230617","20230618","20230619","20230620","20230621","20230622","20230623","20230624","20230625","20230626","20230627","20230628","20230629","20230630","20230701","20230702","20230703","20230704","20230705","20230706","20230707","20230708","20230709","20230710","20230711","20230712","20230713","20230714","20230715","20230716","20230717","20230718","20230719","20230720","20230721","20230722","20230723","20230724","20230725","20230726","20230727","20230728","20230729","20230730","20230731","20230801","20230802","20230803","20230804","20230805","20230806","20230807","20230808","20230809","20230810","20230811","20230812","20230813","20230814","20230815","20230816","20230817","20230818","20230819","20230820","20230821","20230822","20230823","20230824","20230825","20230826","20230827","20230828","20230829","20230830","20230831","20230901","20230902","20230903","20230904","20230905","20230906","20230907","20230908","20230909","20230910","20230911","20230912","20230913","20230914","20230915","20230916","20230917","20230918","20230919","20230920","20230921","20230922","20230923","20230924","20230925","20230926","20230927","20230928","20230929","20230930","20231001","20231002","20231003","20231004","20231005","20231006","20231007","20231008","20231009","20231010","20231011","20231012","20231013","20231014","20231015")
PRbpm1 <- c(62,63,57,57,58,59,57,57,62,57,61,58,61,65,62,62,62,60,59,61,56,61,59,58,62,63,57,66,59,59,57,58,55,62,61,59,57,61,58,62,57,58,55,58,55,56,58,57,53,60,56,63,56,61,70,57,58,59,57,58,58,62,63,58,60,65,67,64,57,62,65,68,58,58,58,58,59,62,60,58,59,56,58,57,55,58,60,58,61,62,62,60,63,58,62,61,65,67,62,62,58,57,57,59,60,58,59,58,58,58,58,57,57,57,57,54,51,57,57,54,56,54,57,57,56,56,56,59,57,57,56,56,55,58,57,56,57,56)
PRbpm2 <- c(82,86,85,83,79,81,83,82,81,82,87,87,83,94,88,92,85,87,84,85,81,84,83,84,96,86,82,92,86,84,77,78,80,89,86,83,88,82,81,83,80,86,89,86,84,86,88,88,88,88,88,86,91,92,101,83,92,90,81,86,81,84,86,85,91,95,97,90,87,94,87,106,98,83,89,98,85,84,88,89,84,81,84,81,84,90,89,81,86,81,84,91,92,83,86,88,82,84,85,89,80,80,84,90,79,75,79,76,78,81,80,78,78,82,77,77,71,75,76,79,80,79,80,79,75,82,86,78,76,80,79,82,76,79,76,78,75,77)
endheartrate <- c(83,87,84,84,76,88,79,79,83,84,88,87,84,90,82,96,95,91,88,89,81,90,85,84,104,84,88,96,88,87,84,81,85,93,89,86,93,84,87,86,84,90,88,91,88,89,87,94,90,86,94,93,101,92,101,87,94,92,91,87,86,87,88,91,94,101,100,93,91,96,93,108,97,85,90,99,87,88,92,94,89,89,88,83,86,91,95,84,84,84,85,94,98,92,90,91,86,89,92,87,86,84,88,90,86,80,82,82,85,86,84,83,77,83,79,78,77,86,84,86,83,84,85,83,79,88,91,83,85,84,84,91,82,87,80,81,80,80)
plot(c(1:138),PRbpm1,type="b",pch=15,lty=1,col="red",xaxt="n",xlab = "date",ylim=range(50:160))
lines(c(1:138),PRbpm2,type="b",pch=17,lty=2,col="blue")
lines(c(1:138),endheartrate,type="b",pch=21,lty=2,col="green")
legend("topleft",inset=.05,title="心率曲线",c("起床血氧仪","运动后血氧仪","运动后把脉"),lty=c(1,2,2),pch=c(15,17,21),col=c("red","blue","green"))
axis(1, c(1:138),date)
