date <- c("20230101","20230102","20230103","20230104","20230105","20230106","20230107","20230108","20230109","20230110","20230111","20230112","20230113","20230114","20230115","20230116","20230117","20230118","20230119","20230120","20230121","20230122","20230123","20230124","20230125","20230126","20230127","20230128","20230129","20230130","20230131","20230201","20230202","20230203","20230204","20230205","20230206","20230207","20230208","20230209","20230210","20230211","20230212","20230213","20230214","20230215","20230216","20230217","20230218","20230219","20230220","20230221","20230222","20230223","20230224","20230225","20230226","20230227","20230228","20230301","20230302","20230303","20230304","20230305","20230306","20230307","20230308","20230309","20230310","20230311","20230312","20230313","20230314","20230315","20230316","20230317","20230318","20230319","20230320","20230321","20230322","20230323","20230324","20230325","20230326","20230327","20230328","20230329","20230330","20230331","20230401","20230402","20230403","20230404","20230405","20230406","20230407","20230408","20230409","20230410","20230411","20230412","20230413","20230414","20230415","20230416","20230417","20230418","20230419","20230420","20230421","20230422","20230423","20230424","20230425","20230426","20230427","20230428","20230429","20230430","20230501","20230502","20230503","20230504","20230505","20230506","20230507","20230508","20230509","20230510","20230511","20230512","20230513","20230514","20230515","20230516","20230517","20230518","20230519","20230520","20230521","20230522","20230523","20230524","20230525","20230526","20230527","20230528","20230529","20230530","20230531","20230601","20230602","20230603","20230604","20230605","20230606","20230607","20230608","20230609","20230610","20230611","20230612","20230613","20230614","20230615","20230616","20230617","20230618","20230619","20230620","20230621","20230622","20230623","20230624","20230625","20230626","20230627","20230628","20230629","20230630","20230701","20230702","20230703","20230704","20230705","20230706","20230707","20230708","20230709","20230710","20230711","20230712","20230713","20230714","20230715","20230716","20230717","20230718","20230719","20230720","20230721","20230722","20230723","20230724","20230725","20230726","20230727","20230728","20230729","20230730","20230731","20230801","20230802","20230803","20230804","20230805","20230806","20230807","20230808","20230809","20230810","20230811","20230812","20230813","20230814","20230815","20230816","20230817","20230818","20230819","20230820","20230821","20230822","20230823","20230824","20230825","20230826","20230827","20230828","20230829","20230830","20230831","20230901","20230902","20230903","20230904","20230905","20230906","20230907","20230908","20230909","20230910","20230911","20230912","20230913","20230914","20230915","20230916","20230917","20230918","20230919","20230920","20230921","20230922","20230923","20230924","20230925","20230926","20230927","20230928","20230929","20230930","20231001","20231002","20231003","20231004","20231005","20231006","20231007","20231008","20231009","20231010","20231011","20231012","20231013","20231014","20231015","20231016","20231017","20231018","20231019","20231020","20231021","20231022","20231023","20231024","20231025","20231026","20231027","20231028","20231029","20231030","20231031","20231101","20231102","20231103","20231104","20231105","20231106","20231107","20231108","20231109","20231110","20231111","20231112","20231113","20231114","20231115","20231116","20231117","20231118","20231119","20231120","20231121","20231122","20231123","20231124","20231125","20231126","20231127","20231128","20231129","20231130","20231201","20231202","20231203","20231205","20231206","20231207","20231208","20231209","20231210","20231211","20231212","20231213","20231214","20231215","20231216","20231217","20231218","20231219","20231220","20231221","20231222","20231223","20231224","20231225","20231226","20231227","20231228","20231229","20231230","20231231","20240101","20240102","20240103","20240104","20240105","20240106","20240107","20240108","20240109","20240110","20240111","20240112","20240113","20240114","20240115","20240116","20240117","20240118","20240119","20240120","20240121","20240122","20240123","20240124")
PRbpm1 <- c(69,68,75,65,75,77,72,79,77,74,72,71,69,70,68,71,75,79,79,77,71,75,77,77,65,65,67,66,66,77,70,77,77,77,80,77,75,75,79,72,76,75,74,74,78,75,70,73,77,77,73,72,73,76,78,74,77,76,75,74,79,71,76,73,75,69,81,68,71,71,70,67,72,69,68,71,69,68,73,70,72,75,75,75,69,65,69,70,69,69,65,75,66,66,69,71,72,73,66,66,70,65,66,64,66,65,66,66,66,62,63,62,60,65,91,75,74,73,69,68,64,66,66,63,65,59,56,60,62,57,58,59,56,57,60,65,69,65,76,70,65,59,70,64,60,63,58,59,60,58,62,63,57,57,58,59,57,57,62,57,61,58,61,65,62,62,62,60,59,61,56,61,59,58,62,63,57,66,59,59,57,58,55,62,61,59,57,61,58,62,57,58,55,58,55,56,58,57,53,60,56,63,56,61,70,57,58,59,57,58,58,62,63,58,60,65,67,64,57,62,65,68,58,58,58,58,59,62,60,58,59,56,58,57,55,58,60,58,61,62,62,60,63,58,62,61,65,67,62,62,58,57,57,59,60,58,59,58,58,58,58,57,57,57,57,54,51,57,57,54,56,54,57,57,56,56,56,59,57,57,56,56,55,58,57,56,57,56,54,53,61,58,58,54,59,58,57,57,57,57,57,57,51,55,56,55,54,57,54,52,51,56,59,56,55,56,56,54,56,55,56,55,54,58,51,56,55,57,54,56,56,55,55,55,54,56,56,61,64,60,62,63,62,63,63,59,65,70,63,68,60,62,58,61,58,60,65,61,62,59,61,63,65,60,61,56,59,58,56,56,54,53,55,58,54,54,59,61,60,58,63,67,65,65,63,59,59,58)
PRbpm2 <- c(84,87,99,87,91,101,88,91,91,89,93,88,87,88,88,90,102,93,101,101,89,90,92,91,90,92,94,89,91,95,94,88,89,93,91,88,83,89,98,91,87,91,95,91,93,89,86,88,86,88,80,89,101,88,86,89,86,86,92,87,90,89,88,90,91,93,90,85,86,89,90,88,89,85,104,94,91,94,96,91,96,99,100,98,90,91,100,91,90,89,0,93,92,94,106,92,93,91,93,90,80,101,101,94,86,85,91,89,99,85,85,84,85,90,130,105,97,97,96,107,93,98,97,96,88,86,81,78,87,84,83,81,83,80,84,91,105,91,95,82,75,75,83,88,86,86,84,84,86,86,82,86,85,83,79,81,83,82,81,82,87,87,83,94,88,92,85,87,84,85,81,84,83,84,96,86,82,92,86,84,77,78,80,89,86,83,88,82,81,83,80,86,89,86,84,86,88,88,88,88,88,86,91,92,101,83,92,90,81,86,81,84,86,85,91,95,97,90,87,94,87,106,98,83,89,98,85,84,88,89,84,81,84,81,84,90,89,81,86,81,84,91,92,83,86,88,82,84,85,89,80,80,84,90,79,75,79,76,78,81,80,78,78,82,77,77,71,75,76,79,80,79,80,79,75,82,86,78,76,80,79,82,76,79,76,78,75,77,76,79,76,73,75,75,75,79,77,73,73,76,73,70,71,75,72,74,69,78,71,68,73,82,71,78,76,76,73,75,76,75,74,73,72,72,66,74,73,71,67,74,75,72,72,74,73,79,75,81,78,84,78,77,82,77,77,75,82,85,82,77,75,74,74,80,80,81,78,77,81,80,83,78,81,77,79,77,76,84,71,76,74,73,77,76,70,77,78,84,79,81,78,91,91,84,78,80,80,78)
