date <- c("20200601","20200602","20200603","20200604","20200605","20200606","20200607","20200608","20200609","20200610","20200611","20200612","20200613","20200614","20200615","20200616","20200617","20200618","20200619","20200620","20200621","20200622","20200623","20200624","20200625","20200626","20200627","20200628","20200629","20200630","20200701","20200702","20200703","20200704","20200705","20200706","20200707","20200708","20200709","20200710","20200711","20200712","20200713","20200714","20200715","20200716","20200717","20200718","20200719","20200720","20200721","20200722","20200723","20200724","20200725","20200726","20200727","20200728","20200729","20200730","20200731","20200801","20200802","20200803","20200804","20200805","20200806","20200807","20200808","20200809","20200810","20200811","20200812","20200813","20200814","20200815","20200816","20200817","20200818","20200819","20200820","20200821","20200822","20200823","20200824","20200825","20200826","20200827","20200828","20200829","20200830","20200831","20200901","20200902","20200903","20200904","20200905","20200906","20200907","20200908","20200909","20200910","20200911","20200912","20200913","20200914","20200915","20200916","20200917","20200918","20200919","20200920","20200921","20200926","20200927","20200928","20200929","20200930","20201001","20201002","20201003","20201004","20201005","20201006","20201007","20201008","20201009","20201010","20201011","20201012","20201013","20201014","20201015","20201016","20201017","20201018","20201019","20201020","20201021","20201022","20201023","20201024","20201025","20201026","20201027","20201028","20201029","20201030","20201031","20201101","20201102","20201103","20201104","20201105","20201106","20201107","20201108","20201109","20201110","20201111","20201113","20201114","20201115","20201116","20201117","20201118","20201119","20201120","20201121","20201122","20201123","20201124","20201125","20201126","20201127","20201128","20201129","20201130","20201201","20201202","20201203","20201204","20201205","20201206","20201207","20201208","20201209","20201210","20201211","20201212","20201213","20201214","20201215","20201216","20201217","20201218","20201219","20201220","20201221","20201222","20201223","20201224","20201225","20201226","20201227","20201228","20201229","20201230","20201231","20210101","20210102","20210103","20210104","20210105","20210106","20210107","20210108","20210109","20210110","20210111","20210112","20210113","20210114","20210115","20210116","20210117","20210118","20210119","20210120","20210121","20210122","20210123","20210124","20210125","20210127","20210128","20210129","20210130","20210131","20210201","20210202","20210203","20210204","20210205","20210206","20210207","20210208","20210209","20210210","20210211","20210212","20210213","20210214","20210215","20210216","20210217","20210218","20210219","20210220","20210221","20210222","20210223","20210224","20210225","20210226","20210227","20210228","20210301","20210302","20210303","20210304","20210305","20210306","20210307","20210308","20210309","20210310","20210311","20210312","20210313","20210314","20210316","20210317","20210319","20210320","20210321","20210322","20210323","20210324","20210325","20210326","20210327","20210328","20210329","20210330","20210331","20210401","20210402","20210403","20210404","20210405","20210406","20210407","20210408","20210409","20210410","20210411","20210412","20210413","20210414","20210415","20210416","20210417","20210418","20210419","20210420","20210421","20210422","20210423","20210424","20210425","20210426","20210427","20210428","20210429","20210430","20210501","20210502","20210503","20210504","20210505","20210506","20210507","20210508","20210509","20210510","20210511","20210512","20210513","20210514","20210515","20210516","20210517","20210518","20210519","20210520","20210521","20210522","20210523","20210524","20210525","20210526","20210527","20210528","20210529","20210530","20210601","20210602","20210603","20210604","20210605","20210606","20210607","20210608","20210609","20210610","20210611","20210612","20210613","20210614","20210615","20210616","20210617","20210618","20210619","20210620","20210621","20210622","20210623","20210624","20210625","20210626","20210627","20210628","20210629","20210630","20210701","20210702","20210703","20210704","20210705","20210706","20210707","20210708","20210709","20210710","20210711","20210712","20210713","20210714","20210715","20210716","20210717","20210718","20210719","20210720","20210721","20210722","20210723","20210724","20210725","20210726","20210727","20210728","20210729","20210730","20210731","20210801","20210802","20210803","20210804","20210805","20210806","20210807","20210808","20210809","20210810","20210811","20210812","20210813","20210814","20210815","20210816","20210817","20210818","20210819","20210820","20210821","20210822","20210823","20210824","20210825","20210826","20210827","20210828","20210829","20210830","20210831","20210901","20210902","20210903","20210904","20210905","20210906","20210907","20210908","20210909","20210910","20210911","20210912","20210913","20210914","20210915","20210916","20210917","20210918","20210919","20210920","20210921","20210922","20210923","20210924","20210925","20210926","20210927","20210928","20210929","20210930","20211001","20211002","20211003","20211004","20211005","20211006","20211007","20211008","20211009","20211010","20211011","20211012","20211013","20211014","20211015","20211016","20211017","20211018","20211019","20211020","20211021","20211022","20211024","20211025","20211026","20211027","20211028","20211029","20211030","20211031","20211101","20211103","20211104","20211105","20211106","20211107","20211108","20211109","20211110","20211111","20211112","20211113","20211114","20211115","20211116","20211117","20211118","20211119","20211120","20211121","20211122","20211123","20211124","20211125","20211126","20211127","20211128","20211129","20211130","20211201","20211202","20211203","20211204","20211205","20211206","20211207","20211208","20211209","20211210","20211211","20211212","20211213","20211215","20211216","20211217","20211218","20211219","20211220","20211221","20211222","20211223","20211224","20211225","20211226","20211227","20211228","20211229","20211230","20211231","20220101","20220102","20220103","20220104","20220105","20220106","20220107","20220108","20220109","20220110","20220111","20220112","20220113","20220114","20220115","20220116","20220117","20220118","20220119","20220120","20220121","20220122","20220123","20220124","20220125","20220126","20220127","20220128","20220129","20220130","20220131","20220201","20220202","20220203","20220204","20220205","20220206","20220207","20220208","20220209","20220210","20220211","20220212","20220213","20220214","20220216","20220217","20220218","20220219","20220220","20220221","20220222","20220223","20220224","20220225","20220226","20220227","20220228","20220301","20220302","20220303","20220304","20220305","20220306","20220307","20220308","20220309","20220310","20220311","20220312","20220313","20220314","20220315","20220316","20220317","20220318","20220319","20220320","20220321","20220322","20220323","20220324","20220325","20220326","20220327","20220328","20220329","20220330","20220331","20220401","20220402","20220403","20220404","20220405","20220407","20220408","20220409","20220410","20220411","20220412","20220413","20220414","20220415","20220416","20220417","20220418","20220419","20220420","20220421","20220422","20220423","20220424","20220425","20220426","20220427","20220428","20220429","20220430","20220501","20220502","20220503","20220504","20220505","20220506","20220507","20220508","20220509","20220510","20220511","20220512","20220513","20220514","20220515","20220516","20220517","20220518","20220519","20220520","20220521","20220522","20220523","20220524","20220525","20220526","20220527","20220528","20220529","20220530","20220531","20220601","20220602","20220603","20220604","20220605","20220606","20220607","20220608","20220609","20220610",