date <- c("20250101","20250102","20250103","20250104","20250105","20250106","20250107","20250109","20250110","20250111","20250112","20250113","20250114","20250115","20250116","20250117","20250118","20250119","20250120","20250121","20250122","20250123","20250124","20250125","20250126","20250127","20250128","20250129","20250130","20250131","20250201","20250202","20250203","20250204","20250205","20250206","20250207","20250208","20250209","20250210","20250211","20250212","20250213","20250214","20250215","20250216","20250217","20250218","20250219","20250220","20250221","20250222","20250223","20250224","20250225","20250226","20250227","20250228","20250301","20250302","20250303","20250304","20250305","20250306","20250307","20250308","20250309","20250310","20250311","20250312","20250313","20250314","20250315","20250316","20250317","20250318","20250319","20250320","20250321","20250322","20250323","20250324","20250325","20250326","20250327","20250328","20250329","20250330","20250331","20250401","20250402","20250403","20250404","20250405","20250406","20250407","20250408","20250409","20250410","20250411","20250412","20250413","20250414","20250415","20250416","20250417","20250418","20250419","20250420","20250421","20250422","20250423","20250424","20250425","20250426","20250427","20250428","20250429","20250430","20250501","20250502","20250503","20250504","20250505","20250506","20250507","20250508","20250509","20250510","20250511","20250512","20250513","20250514","20250515","20250516","20250517","20250518","20250519","20250520","20250521","20250522","20250523","20250524","20250525","20250526","20250527","20250528","20250529","20250530","20250531","20250601","20250602","20250603","20250604","20250605","20250606","20250607","20250608","20250609","20250610","20250611","20250612","20250613","20250614","20250615","20250616","20250617","20250618","20250619","20250620","20250621","20250622","20250623","20250624","20250625","20250626","20250627","20250628","20250629","20250630","20250701","20250702","20250703","20250704","20250705","20250706","20250707","20250708","20250709","20250710","20250711","20250712","20250713","20250714","20250715","20250716","20250717","20250718","20250719","20250720","20250721","20250722","20250723","20250724","20250725","20250726","20250727","20250728","20250729","20250730","20250731","20250801","20250802","20250803","20250804","20250805","20250806","20250807","20250808","20250809","20250810","20250811","20250812","20250813","20250814","20250815","20250816","20250817","20250818","20250819","20250820","20250821","20250822","20250823","20250824","20250825","20250826","20250827","20250828","20250829","20250830","20250831","20250901","20250902","20250903","20250904","20250905","20250906","20250907","20250908","20250909","20250910","20250911","20250912","20250913","20250914","20250915","20250916","20250917","20250918","20250919","20250920","20250921","20250922","20250923","20250924","20250925","20250926","20250927","20250928","20250929","20250930","20251001","20251002","20251003","20251004","20251005","20251006","20251007","20251008","20251009","20251010","20251011","20251012","20251013","20251014","20251015","20251016","20251017","20251018","20251019","20251020","20251021","20251022","20251023","20251024","20251025","20251026","20251027","20251028","20251029","20251030","20251031","20251101","20251102","20251103","20251104","20251105","20251106","20251107","20251108","20251109","20251110","20251111","20251112","20251113","20251114","20251115","20251116","20251117","20251118","20251119","20251120","20251121","20251122","20251123","20251124","20251125","20251126","20251127","20251128","20251129","20251130","20251201","20251202","20251203","20251204","20251205","20251206","20251207","20251208","20251209","20251210","20251211","20251212","20251213","20251214","20251215","20251216","20251217","20251218","20251219","20251220","20251221","20251222","20251223","20251224","20251225","20251226","20251227","20251228","20251229","20251230","20251231")
PRbpm1 <- c(66,60,62,65,65,65,64,66,64,62,64,66,71,70,73,73,72,71,75,64,63,67,67,67,62,68,62,57,65,70,72,68,69,68,66,71,75,73,70,83,72,70,64,68,63,62,62,68,71,63,72,73,72,76,63,73,62,65,61,65,57,62,61,57,58,58,57,58,54,60,60,59,56,55,57,58,65,60,58,60,65,60,59,62,58,59,58,65,57,61,69,63,63,58,63,62,67,64,61,65,60,63,63,62,60,62,59,58,58,59,60,61,58,58,55,56,60,57,58,57,54,57,62,59,56,55,55,60,58,60,60,59,62,59,58,59,59,59,61,65,60,56,61,62,55,55,59,56,56,54,59,55,60,62,59,62,59,66,57,59,59,60,56,57,64,62,56,63,61,60,56,62,57,56,57,54,57,57,59,60,64,60,61,57,58,64,60,55,57,54,54,55,62,59,55,63,58,59,58,63,73,63,60,63,62,60,61,61,59,57,59,58,63,61,56,55,60,56,58,55,65,59,72,60,65,65,61,65,61,60,72,62,67,71,67,71,71,67,62,64,63,62,65,63,60,59,60,59,60,56,59,65,65,60,65,65,58,63,66,62,66,61,62,62,65,59,63,67,66,64,62,58,63,62,60,57,58,57,54,57,54,59,56,62,64,60,64,60,78,72,69,64,65,69,68,67,67,58,63,60,64,61,62,65,68,61,57,61,63,62,59,59,60,61,63,63,57,61,62,59,60,61,67,63,65,71,66,59,58,62,66,70,63,66,60,63,69,63,63,69,64,61,68,65,61,62,66,65,66,64,63,65,64,65,63,66,64,67,64,73,72,69,71,65)
PRbpm2 <- c(89,95,84,88,83,88,94,91,94,89,88,102,97,95,97,100,105,95,99,102,96,100,96,86,95,100,91,89,94,105,108,108,100,94,106,102,110,110,102,112,107,105,110,93,90,99,94,97,101,88,110,110,108,103,100,100,93,92,101,93,83,83,92,81,88,92,80,76,75,85,94,85,81,81,73,88,86,85,80,80,90,92,86,87,82,80,85,81,81,78,88,87,78,89,90,83,84,88,85,84,86,80,81,75,80,76,74,77,72,76,80,78,75,72,75,74,70,76,81,78,72,74,81,68,75,78,73,88,82,79,75,74,77,76,77,81,80,80,84,81,75,84,83,81,87,96,87,77,77,87,79,84,76,80,82,79,80,85,83,81,79,82,80,82,87,78,74,85,80,84,78,86,82,78,80,83,82,85,84,78,84,83,92,85,94,92,80,82,81,85,85,96,91,79,83,86,79,87,83,83,115,100,88,89,86,87,86,87,88,84,93,81,92,86,84,90,91,89,90,92,86,83,105,86,100,96,93,83,97,108,108,95,100,108,96,112,110,110,94,105,98,98,93,96,86,86,82,99,94,86,110,106,95,111,102,105,98,100,93,86,103,104,93,88,89,111,112,99,91,100,98,99,87,82,78,74,83,81,80,78,83,80,85,93,83,81,87,102,108,108,100,97,95,91,93,92,89,85,86,93,94,86,90,90,85,84,83,75,115,81,77,87,87,90,87,91,81,86,82,82,82,82,90,76,109,98,90,99,93,97,92,96,93,83,84,88,93,93,99,98,98,86,86,88,95,96,87,90,95,90,85,100,88,91,87,94,89,85,90,104,97,88,98,93)
PRbpm3 <- c(NA,NA,NA,NA,NA,NA,130,NA,NA,NA,NA,NA,NA,NA,NA,120,NA,NA,NA,NA,110,NA,NA,NA,NA,NA,NA,NA,NA,NA,NA,NA,NA,NA,110,NA,NA,110,NA,NA,NA,NA,NA,NA,NA,NA,NA,NA,NA,NA,NA,NA,NA,NA,NA,NA,NA,NA,NA,NA,110,NA,NA,NA,NA,NA,110,NA,NA,NA,NA,NA,NA,NA,NA,NA,NA,NA,NA,NA,NA,NA,NA,110,NA,NA,NA,110,NA,NA,NA,133,130,NA,136,NA,136,NA,127,NA,NA,NA,NA,NA,NA,130,NA,NA,NA,NA,NA,NA,130,129,NA,NA,NA,NA,NA,133,NA,NA,NA,NA,NA,NA,NA,NA,NA,NA,NA,NA,NA,NA,133,NA,NA,NA,NA,NA,NA,110,NA,NA,NA,NA,NA,NA,NA,NA,NA,120,NA,120,NA,NA,NA,NA,NA,NA,120,NA,NA,NA,NA,122,NA,135,NA,NA,NA,NA,NA,NA,NA,NA,NA,NA,NA,NA,NA,NA,NA,NA,NA,NA,NA,NA,NA,NA,NA,NA,NA,NA,NA,NA,NA,NA,NA,NA,NA,NA,NA,NA,NA,NA,NA,NA,NA,NA,NA,NA,NA,NA,NA,NA,NA,NA,NA,NA,NA,NA,NA,NA,NA,NA,NA,NA,NA,NA,NA,NA,NA,NA,NA,NA,NA,NA,NA,NA,NA,NA,NA,NA,NA,NA,NA,NA,NA,NA,NA,NA,NA,NA,NA,NA,NA,NA,NA,NA,NA,NA,NA,NA,NA,NA,NA,NA,NA,NA,NA,NA,NA,NA,NA,NA,NA,NA,NA,NA,NA,NA,NA,NA,NA,NA,NA,NA,NA,NA,145,NA,139,NA,NA,NA,110,133,125,142,NA,NA,128,NA,125,NA,NA,115,NA,NA,NA,NA,NA,NA,NA,115,NA,NA,NA,NA,NA,NA,NA,120,NA,NA,NA,NA,NA,NA,NA,NA,NA,NA,NA,NA,NA,NA,NA,NA,NA,117,NA,NA,NA,NA,NA,NA,NA,NA,NA,NA,NA,NA,NA,NA,NA,NA,NA,NA,NA,NA,NA,NA)
