date <- c("20221230","20221231","20230101","20230102","20230103","20230104","20230105","20230106","20230107","20230108","20230109","20230110","20230111","20230112","20230113","20230114","20230115","20230116","20230117","20230118","20230119","20230120","20230121","20230122","20230123","20230124","20230125","20230126","20230127","20230128","20230129","20230130","20230131","20230201","20230202","20230203","20230204","20230205","20230206","20230207","20230208","20230209","20230210","20230211","20230212","20230213","20230214","20230215","20230216","20230217","20230218","20230219","20230220","20230221","20230222","20230223","20230224","20230225","20230226","20230227","20230228","20230301","20230302","20230303","20230304","20230305","20230306","20230307","20230308","20230309","20230310","20230311","20230312","20230313","20230314","20230315","20230316","20230317","20230318","20230319","20230320","20230321","20230322","20230323","20230324","20230325","20230326","20230327","20230328","20230329","20230330","20230331","20230401","20230402","20230403","20230404","20230405","20230406","20230407","20230408","20230409","20230410","20230411","20230412","20230413","20230414","20230415","20230416","20230417","20230418","20230419","20230420","20230421","20230422","20230423","20230424","20230425","20230426","20230427","20230428","20230429","20230430","20230501","20230502","20230503","20230504","20230505","20230506","20230507","20230508","20230509","20230510","20230511","20230512","20230513","20230514","20230515","20230516","20230517","20230518","20230519","20230520","20230521","20230522","20230523","20230524","20230525","20230526","20230527","20230528","20230529","20230530","20230531","20230601","20230602","20230603","20230604","20230605","20230606","20230607","20230608","20230609","20230610","20230611","20230612","20230613","20230614","20230615","20230616","20230617","20230618","20230619","20230620","20230621","20230622")
PRbpm1 <- c(70,75,69,68,75,65,75,77,72,79,77,74,72,71,69,70,68,71,75,79,79,77,71,75,77,77,65,65,67,66,66,77,70,77,77,77,80,77,75,75,79,72,76,75,74,74,78,75,70,73,77,77,73,72,73,76,78,74,77,76,75,74,79,71,76,73,75,69,81,68,71,71,70,67,72,69,68,71,69,68,73,70,72,75,75,75,69,65,69,70,69,69,65,75,66,66,69,71,72,73,66,66,70,65,66,64,66,65,66,66,66,62,63,62,60,65,91,75,74,73,69,68,64,66,66,63,65,59,56,60,62,57,58,59,56,57,60,65,69,65,76,70,65,59,70,64,60,63,58,59,60,58,62,63,57,57,58,59,57,57,62,57,61,58,61,65,62,62,62,60,59,61,56,61,59)
PRbpm2 <- c(90,93,84,87,99,87,91,101,88,91,91,89,93,88,87,88,88,90,102,93,101,101,89,90,92,91,90,92,94,89,91,95,94,88,89,93,91,88,83,89,98,91,87,91,95,91,93,89,86,88,86,88,80,89,101,88,86,89,86,86,92,87,90,89,88,90,91,93,90,85,86,89,90,88,89,85,104,94,91,94,96,91,96,99,100,98,90,91,100,91,90,89,0,93,92,94,106,92,93,91,93,90,80,101,101,94,86,85,91,89,99,85,85,84,85,90,130,105,97,97,96,107,93,98,97,96,88,86,81,78,87,84,83,81,83,80,84,91,105,91,95,82,75,75,83,88,86,86,84,84,86,86,82,86,85,83,79,81,83,82,81,82,87,87,83,94,88,92,85,87,84,85,81,84,83)
endheartrate <- c(96,89,85,80,100,88,91,103,86,92,92,86,92,79,83,92,88,91,103,91,93,93,89,95,91,91,83,85,88,89,93,90,89,96,92,93,97,86,77,90,98,95,93,97,96,93,97,96,93,92,91,91,89,91,103,94,90,85,82,88,95,92,95,89,94,85,99,98,93,94,90,85,90,86,95,88,95,87,97,94,91,101,99,86,105,97,94,87,93,96,94,89,0,98,97,96,117,98,99,98,97,90,85,106,94,107,91,91,97,96,106,89,91,90,92,93,97,81,86,62,94,78,96,91,85,87,87,83,76,88,91,87,86,81,83,85,88,89,104,95,94,92,81,81,92,92,90,92,90,86,91,86,83,87,84,84,76,88,79,79,83,84,88,87,84,90,82,96,95,91,88,89,81,90,85)
plot(c(1:175),PRbpm1,type="b",pch=15,lty=1,col="red",xaxt="n",xlab = "date",ylim=range(50:160))
lines(c(1:175),PRbpm2,type="b",pch=17,lty=2,col="blue")
lines(c(1:175),endheartrate,type="b",pch=21,lty=2,col="green")
legend("topleft",inset=.05,title="心率曲线",c("起床血氧仪","运动后血氧仪","运动后把脉"),lty=c(1,2,2),pch=c(15,17,21),col=c("red","blue","green"))
axis(1, c(1:175),date)
