date <- c("20240101","20240102","20240103","20240104","20240105","20240106","20240107","20240108","20240109","20240110","20240111","20240112","20240113","20240114","20240115","20240116","20240117","20240118","20240119","20240120","20240121","20240122","20240123","20240124","20240125","20240126","20240127","20240128","20240129","20240130","20240131","20240201","20240202","20240203","20240204","20240205","20240206","20240207","20240208","20240209","20240210","20240211","20240212","20240213","20240214","20240215","20240216","20240217","20240218","20240219","20240220","20240221","20240222","20240223","20240224","20240225","20240226","20240228","20240229","20240301","20240302","20240303","20240304","20240305","20240306","20240307","20240308","20240309","20240310","20240311","20240312","20240313","20240314","20240315","20240316","20240317","20240318","20240319","20240320","20240321","20240322","20240323","20240324","20240325","20240326","20240327","20240328","20240329","20240330","20240331","20240401","20240402","20240403","20240404","20240405","20240406","20240407","20240408","20240409","20240410","20240411","20240412","20240413","20240414","20240415","20240416","20240417","20240418","20240419","20240420","20240421","20240422","20240423","20240424","20240425","20240426","20240427","20240428","20240429","20240430","20240501","20240502","20240503","20240504","20240505","20240506","20240507","20240508","20240509","20240510","20240511","20240512","20240513","20240514","20240515","20240516","20240517","20240518","20240519","20240520","20240521","20240522","20240523","20240524","20240525","20240526","20240527","20240528","20240529","20240530","20240531","20240601","20240602","20240603","20240604","20240605","20240606","20240607","20240608","20240609","20240610","20240611","20240612","20240613","20240614","20240615","20240616","20240617","20240618","20240619","20240620")
PRbpm1 <- c(61,56,59,58,56,56,54,53,55,58,54,54,59,61,60,58,63,67,65,65,63,59,59,58,54,60,52,56,57,56,57,55,57,56,59,60,60,60,62,62,64,58,56,57,58,54,58,60,60,56,58,59,61,59,60,62,57,63,62,60,62,62,58,59,62,62,63,61,61,60,63,65,62,63,63,59,66,61,66,60,59,61,59,62,62,59,62,57,57,56,59,62,58,60,62,61,61,58,63,58,59,58,58,57,58,57,55,58,58,57,58,60,58,58,60,58,58,56,58,56,58,60,57,59,57,57,57,56,57,55,60,56,55,56,55,54,55,57,56,55,55,55,53,54,53,54,53,54,53,53,55,55,54,54,53,55,55,55,52,48,54,52,51,53,52,55,53,53,58,53,59)
PRbpm2 <- c(79,77,76,84,71,76,74,73,77,76,70,77,78,84,79,81,78,91,91,84,78,80,80,78,74,74,74,75,73,77,72,76,74,81,79,77,83,81,86,87,88,80,86,81,85,80,91,86,75,84,79,83,86,80,80,80,81,88,81,79,83,81,83,86,79,81,82,87,77,80,82,89,80,87,85,85,87,86,82,87,76,85,79,82,83,79,87,84,84,75,80,80,80,80,88,86,84,87,94,94,80,86,87,82,79,85,88,85,81,84,84,81,86,80,83,81,88,81,79,78,83,86,80,82,77,80,80,74,78,78,77,76,79,79,74,79,94,82,76,72,75,68,75,76,78,78,75,74,74,76,76,79,78,79,78,78,77,81,74,73,80,75,77,78,71,75,72,76,85,80,89)
endheartrate <- c(84,85,86,84,79,82,79,81,84,80,78,83,84,79,91,84,89,84,84,84,84,82,89,79,79,79,77,80,79,87,73,78,79,84,84,78,86,83,84,81,93,84,87,90,85,86,98,84,84,85,86,90,91,85,92,85,81,95,87,82,83,89,88,88,78,81,84,86,82,83,80,93,80,86,90,83,88,83,91,83,80,87,83,86,87,87,89,87,80,86,86,87,90,86,88,90,85,90,95,95,86,91,89,84,82,87,89,86,86,87,87,92,92,80,90,84,90,84,82,84,86,91,81,84,83,85,86,81,84,81,86,81,83,86,78,85,98,94,86,79,83,77,76,80,79,76,81,89,77,83,80,85,77,89,81,83,83,83,79,77,79,73,79,81,75,81,81,83,90,78,89)
plot(c(1:171),PRbpm1,type="s",col="red",xaxt="n",xlab = "date",ylab="heart rate",ylim=range(50:160))
lines(c(1:171),PRbpm2,type="s",col="blue")
lines(c(1:171),endheartrate,type="s",col="green")
legend("topleft",inset=.05,title="心率曲线",c("起床血氧仪(辅助线:50~65)","运动后血氧仪","运动后把脉"),lty=c(1,1,1),col=c("red","blue","green"))
abline(h = 65,col="red",lty = 3)
abline(h = 50,col="red",lty = 3)
axis(1, c(1:171),date)
