date <- c("20190102","20190103","20190104","20190105","20190106","20190107","20190108","20190109","20190110","20190111","20190112","20190113","20190114","20190115","20190116","20190117","20190118","20190119","20190120","20190121","20190122","20190123","20190124","20190125","20190126","20190127","20190128","20190129","20190130","20190131","20190201","20190202","20190203","20190204","20190206","20190207","20190208","20190209","20190210","20190211","20190212","20190213","20190214","20190215","20190216","20190217","20190218","20190219","20190220","20190221","20190222","20190223","20190224","20190225","20190226","20190227","20190228","20190301","20190302","20190303","20190304","20190305","20190306","20190307","20190309","20190310","20190312","20190313","20190314","20190315","20190316","20190317","20190318","20190319","20190320","20190321","20190322","20190323","20190324","20190325","20190330","20190331","20190401","20190402","20190403","20190404","20190405","20190406","20190407","20190408","20190409","20190410","20190411","20190412","20190413","20190414","20190415","20190416","20190417","20190418","20190419","20190420","20190421","20190422","20190423","20190424","20190425","20190426","20190427","20190428","20190429","20190430","20190501","20190502","20190503","20190504","20190505","20190506","20190507","20190508","20190509","20190510","20190511","20190512","20190513","20190514","20190515","20190516","20190517","20190518","20190519","20190520")
sleep <- c(448,448,262,255,283,95,202,287,308,153,268,336,241,394,359,418,82,257,289,115,90,7,40,350,668,778,603,707,817,824,686,741,816,869,-475,-71,319,425,-34,-480,-77,92,30,1322,80,-146,1294,30,-4,39,-11,382,316,49,320,276,416,545,556,360,736,502,861,951,707,873,1030,-161,-390,-208,-8,9,125,93,105,250,160,446,326,-5,-520,225,1437,70,211,330,189,336,325,366,259,485,552,371,465,538,546,687,786,844,753,333,218,-350,-104,-5,30,136,65,163,148,56,270,296,316,222,575,285,582,151,357,-36,155,280,247,384,593,530,782,969,841,780)
wake <- c(880,920,550,835,935,390,800,820,880,320,890,760,855,985,940,920,950,680,845,359,315,250,275,965,1120,1180,1060,1120,1290,1340,1150,1160,1385,1395,360,360,845,785,305,275,360,400,300,360,450,450,460,430,450,630,570,650,610,740,740,765,850,950,950,950,1070,1080,1425,1305,1245,1435,95,275,65,350,410,530,530,630,555,615,760,940,705,300,570,690,270,610,760,790,790,920,955,975,600,855,1115,925,940,1010,1185,1170,1175,1380,1130,500,450,215,305,355,375,415,465,535,595,660,620,785,785,805,885,875,915,860,690,410,835,575,885,960,1050,1060,1155,1275,1305,1335)
sleeplong <- c(432,472,288,580,652,295,598,533,572,167,622,424,614,591,581,502,868,423,556,244,225,243,235,615,452,402,457,413,473,516,464,419,569,526,835,431,526,360,339,755,437,308,270,-962,370,596,-834,400,454,591,581,268,294,691,420,489,434,405,394,590,334,578,564,354,538,562,-935,436,455,558,418,521,405,537,450,365,600,494,379,305,1090,465,-1167,540,549,460,601,584,630,609,341,370,563,554,475,472,639,483,389,536,377,167,232,565,409,360,345,279,400,372,447,604,350,489,469,583,310,590,333,709,333,446,680,295,638,576,457,530,373,306,464,555)
plot(c(1:132),sleep,type="b",pch=15,lty=1,col="red",xaxt="n",xlab = "date")
lines(c(1:132),wake,type="b",pch=17,lty=2,col="blue")
lines(c(1:132),sleeplong,type="b",pch=21,lty=2,col="green")
legend("topleft",inset=.05,title="睡眠曲线",c("睡","醒","时长"),lty=c(1,2,2),pch=c(15,17,21),col=c("red","blue","green"))
axis(1, c(1:132),date)
