date <- c("20210101","20210102","20210103","20210104","20210105","20210106","20210107","20210108","20210109","20210110","20210111","20210112","20210113","20210114","20210115","20210116","20210117","20210118","20210119","20210120","20210121","20210122","20210123","20210124","20210125","20210127","20210128","20210129","20210130","20210131","20210201","20210202","20210203","20210204","20210205","20210206","20210207","20210208","20210209","20210210","20210211","20210212","20210213","20210214","20210215","20210216","20210217","20210218","20210219","20210220","20210221","20210222","20210223","20210224","20210225","20210226","20210227","20210228","20210301","20210302","20210303","20210304","20210305","20210306","20210307","20210308","20210309","20210310","20210311","20210312","20210313","20210314","20210316","20210317","20210319","20210320","20210321","20210322","20210323","20210324","20210325","20210326","20210327","20210328","20210329","20210330","20210331","20210401","20210402","20210403","20210404","20210405","20210406","20210407","20210408","20210409","20210410","20210411","20210412","20210413","20210414","20210415","20210416","20210417","20210418","20210419","20210420","20210421","20210422","20210423","20210424","20210425","20210426","20210427","20210428","20210429","20210430","20210501","20210502","20210503","20210504","20210505","20210506","20210507","20210508","20210509","20210510","20210511","20210512","20210513","20210514","20210515","20210516","20210517","20210518","20210519","20210520","20210521","20210522","20210523","20210524","20210525","20210526","20210527","20210528","20210529","20210530","20210601","20210602","20210603","20210604","20210605","20210606","20210607","20210608","20210609","20210610","20210611","20210612","20210613","20210614","20210615","20210616","20210617","20210618","20210619","20210620","20210621","20210622","20210623","20210624","20210625","20210626","20210627","20210628","20210629","20210630","20210701","20210702","20210703","20210704","20210705","20210706","20210707","20210708","20210709","20210710","20210711","20210712","20210713","20210714","20210715","20210716","20210717","20210718","20210719","20210720","20210721","20210722","20210723","20210724","20210725","20210726","20210727","20210728","20210729","20210730","20210731","20210801","20210802","20210803","20210804","20210805","20210806","20210807","20210808","20210809","20210810","20210811","20210812","20210813","20210814","20210815","20210816","20210817","20210818","20210819","20210820","20210821","20210822","20210823","20210824","20210825","20210826","20210827","20210828","20210829","20210830","20210831","20210901","20210902","20210903","20210904","20210905","20210906","20210907","20210908","20210909","20210910","20210911","20210912","20210913","20210914","20210915","20210916","20210917","20210918","20210919","20210920","20210921","20210922","20210923","20210924","20210925","20210926","20210927","20210928","20210929","20210930","20211001","20211002","20211003","20211004","20211005","20211006","20211007","20211008","20211009","20211010","20211011","20211012","20211013","20211014","20211015","20211016","20211017","20211018","20211019","20211020","20211021","20211022","20211024","20211025","20211026","20211027","20211028","20211029","20211030","20211031","20211101","20211103","20211104","20211105","20211106","20211107","20211108","20211109","20211110","20211111","20211112","20211113","20211114","20211115","20211116","20211117","20211118","20211119","20211120","20211121","20211122","20211123","20211124","20211125","20211126","20211127","20211128","20211129","20211130","20211201","20211202","20211203","20211204","20211205","20211206","20211207","20211208","20211209","20211210","20211211","20211212","20211213","20211215","20211216","20211217","20211218","20211219","20211220","20211221","20211222","20211223","20211224")
sleep <- c(NaN,30,NaN,178,298,55,1274,1395,1318,1231,-600,-174,83,-311,73,-259,59,-241,1,-75,-66,-122,-52,-135,-25,108,117,159,163,162,113,232,162,382,196,622,688,278,604,293,525,353,600,630,442,474,492,527,305,186,427,534,665,568,740,716,719,686,597,622,804,671,734,737,659,980,615,102,342,300,740,1010,1142,802,-107,-181,56,14,1400,1400,1370,1370,1382,1387,37,105,171,52,339,155,461,415,169,233,179,190,407,420,194,359,187,277,149,422,255,493,294,526,NaN,228,273,244,-234,235,370,254,266,503,414,262,352,463,559,542,383,593,493,391,499,499,518,187,-165,261,664,713,579,675,577,756,756,1000,839,942,810,834,278,-502,145,-136,70,1222,1179,-337,-64,-145,-46,-44,-82,1439,164,18,-7,-29,31,103,121,99,253,-15,95,-127,306,217,413,250,144,177,207,35,84,235,279,151,279,132,258,272,288,93,336,329,567,387,563,345,450,NaN,-165,484,703,778,726,743,773,876,731,835,786,795,696,982,677,780,758,134,268,442,842,932,1207,316,25,31,-44,38,60,-15,38,-20,69,-42,8,3,-256,-109,-38,-129,-109,-77,-144,65,-43,130,-5,-53,-50,16,-46,-83,-42,73,-21,120,145,82,101,331,224,230,138,251,334,380,237,-71,211,423,423,-107,-145,-71,-175,-153,-37,-28,24,113,20,-45,33,-34,207,60,391,458,597,722,603,515,664,-572,75,592,12,-300,-277,141,-216,648,-532,-103,1267,-60,1236,1296,1374,1327,1280,1384,18,2,41,-63,-6,39,0,99,330,211,185,236,315,153,2791,249,42,234,353,429,503,510,561,766,573,533,641,646,596,896,860,-490,-480,-317,-246,-316,142,44,-120,-36,-75)
wake <- c(550,265,265,420,467,265,265,240,240,153,1407,228,423,180,355,230,355,345,464,436,415,430,460,500,521,591,652,697,725,600,650,753,708,806,847,1067,1050,874,960,612,928,960,960,1053,960,960,1008,960,590,747,965,960,1074,1070,5670,1100,1115,1137,950,1119,1140,1093,1194,1104,1128,1242,1151,318,656,660,1196,1344,25,1388,127,214,353,300,278,260,230,370,358,493,461,563,579,606,643,617,843,718,546,700,NaN,726,770,780,679,699,420,620,590,813,820,857,808,882,618,750,815,577,323,780,776,773,795,965,860,856,951,930,953,1063,988,1130,1009,936,985,992,1038,563,233,1044,1200,1173,1125,1110,1216,1195,1336,1275,1305,1320,1240,1175,515,27,391,140,236,120,130,149,272,295,273,324,352,331,538,452,338,494,543,543,570,300,575,240,360,457,617,723,771,723,683,656,634,483,610,594,NaN,721,650,536,810,777,845,722,712,815,939,975,955,814,965,944,1123,1002,1169,1199,1040,1079,1169,1255,1205,1199,1266,1157,1226,1321,1200,1230,1225,371,480,1197,1277,1424,1426,543,280,303,206,226,231,232,269,206,315,257,359,309,226,251,314,313,375,412,256,391,485,471,409,271,434,345,335,333,373,430,490,597,494,549,530,741,660,585,679,756,861,811,799,222,754,825,825,79,119,100,67,92,168,187,275,235,235,235,235,222,655,680,862,1042,990,1189,1170,1100,1150,1342,402,1030,244,58,168,481,129,1002,29,230,235,300,295,339,412,495,413,543,474,598,553,562,644,612,375,815,874,753,756,803,813,629,819,630,542,914,865,941,1041,1011,1067,1074,1061,1048,1070,1143,1160,1317,1306,1406,141,100,195,304,577,419,322,428,468)
