date <- c("20200421","20200422","20200423","20200424","20200425","20200426","20200427","20200428","20200429","20200430","20200501","20200502","20200503","20200504","20200505","20200506","20200507","20200508","20200509","20200510","20200511","20200512","20200513","20200514","20200515","20200516","20200517","20200518","20200519","20200520","20200521","20200522","20200523","20200524","20200525","20200526","20200527","20200528","20200529","20200530","20200531","20200601","20200602","20200603","20200604","20200605","20200606","20200607","20200608","20200609","20200610","20200611","20200612","20200613","20200614","20200615","20200616","20200617","20200618","20200619","20200620","20200621","20200622","20200623","20200624","20200625","20200626","20200627","20200628","20200629","20200630","20200701","20200702","20200703","20200704","20200705","20200706","20200707","20200708","20200709","20200710","20200711","20200712","20200713","20200714","20200715","20200716","20200717","20200718","20200719","20200720","20200721","20200722","20200723","20200724","20200725","20200726","20200727","20200728","20200729","20200730","20200731","20200801","20200802","20200803","20200804","20200805","20200806","20200807","20200808","20200809","20200810","20200811","20200812","20200813","20200814","20200815","20200816","20200817","20200818","20200819","20200820","20200821","20200822","20200823","20200824","20200825","20200826","20200827","20200828","20200829","20200830","20200831","20200901","20200902","20200903","20200904","20200905")
sleep <- c(142,142,1338,5,1257,1317,28,-198,44,-81,-16,-133,25,21,28,62,31,50,102,7,73,178,80,60,75,140,215,200,198,358,244,171,188,254,370,423,611,526,435,626,-11,401,515,475,292,308,422,196,196,483,486,575,337,378,710,839,651,637,844,682,210,360,195,499,676,762,729,295,149,455,85,130,395,292,75,-185,-85,91,10,175,-117,-193,-119,-8,6,-85,100,-51,-1286,92,142,97,-30,660,730,90,870,2660,690,1800,362,336,368,360,225,481,375,480,282,390,419,251,16,260,57,333,567,293,437,465,122,196,158,578,606,489,445,750,608,442,151,451,-767,236,47,201,-56,463)
wake <- c(1150,240,240,268,238,280,373,390,326,273,296,300,506,339,495,485,513,4892,484,493,560,590,630,515,535,712,480,611,721,645,290,482,813,515,835,903,958,885,804,865,145,840,1010,844,821,710,710,585,645,917,960,1010,520,947,4497,1147,1100,1065,1160,859,380,504,432,965,1080,1130,1164,480,370,670,330,320,607,505,270,128,219,202,240,284,240,213,240,233,250,240,400,415,422,556,494,444,380,520,450,431,566,545,487,555,739,784,724,543,770,840,840,843,796,895,835,390,215,571,271,710,1006,820,865,835,835,433,313,1060,1060,945,990,1206,1060,700,390,940,4430,510,330,433,155,675)
sleeplong <- c(1008,98,-1098,263,-1019,-1037,345,588,282,354,312,433,481,318,467,423,482,4842,382,486,487,412,550,455,460,572,265,411,523,287,46,311,625,261,465,480,347,359,369,239,156,439,495,369,529,402,288,389,449,434,474,435,183,569,3787,308,449,428,316,177,170,144,237,466,404,368,435,185,221,215,245,190,212,213,195,313,304,111,230,109,357,406,359,241,244,325,300,466,1708,464,352,347,410,-140,-280,341,-304,-2115,-203,-1245,377,448,356,183,545,359,465,363,514,505,416,139,199,311,214,377,439,527,428,370,713,237,155,482,454,456,545,456,452,258,239,489,5197,274,283,232,211,212)
plot(c(1:138),sleep,type="b",pch=15,lty=1,col="red",xaxt="n",xlab = "date")
lines(c(1:138),wake,type="b",pch=17,lty=2,col="blue")
lines(c(1:138),sleeplong,type="b",pch=21,lty=2,col="green")
legend("topleft",inset=.05,title="睡眠曲线",c("睡","醒","时长"),lty=c(1,2,2),pch=c(15,17,21),col=c("red","blue","green"))
axis(1, c(1:138),date)
