date <- c("20190101","20190102","20190103","20190104","20190105","20190106","20190107","20190108","20190109","20190110","20190111","20190112","20190113","20190114","20190115","20190116","20190117","20190118","20190119","20190120","20190121","20190122","20190123","20190124","20190125","20190126","20190127","20190128","20190129","20190130","20190131","20190201","20190202","20190203","20190204","20190206","20190207","20190208","20190209","20190210","20190211","20190212","20190213","20190214","20190215","20190216","20190217","20190218","20190219","20190220","20190221","20190222","20190223","20190224","20190225","20190226","20190227","20190228","20190301","20190302","20190303","20190304","20190305","20190306","20190307","20190309","20190310","20190312","20190313","20190314","20190315","20190316","20190317","20190318","20190319","20190320","20190321","20190322","20190323","20190324","20190325","20190330","20190331","20190401","20190402","20190403","20190404","20190405","20190406","20190407","20190408","20190409","20190410","20190411","20190412","20190413","20190414","20190415","20190416","20190417","20190418","20190419","20190420","20190421","20190422","20190423","20190424","20190425","20190426","20190427","20190428","20190429","20190430","20190501","20190502","20190503","20190504","20190505","20190506","20190507","20190508","20190509","20190510","20190511","20190512","20190513","20190514","20190515","20190516","20190517","20190518","20190519","20190520","20190522","20190523","20190524","20190525","20190526","20190527","20190528","20190529","20190530","20190531","20190601","20190606","20190607","20190608","20190609","20190610","20190611","20190612","20190613","20190614","20190616","20190617","20190618","20190619","20190620","20190621","20190622","20190623","20190624","20190625","20190626","20190627","20190628","20190629","20190701","20190702","20190703","20190704","20190705","20190706","20190707","20190708","20190709","20190710","20190711","20190712","20190713","20190714","20190715","20190716","20190717","20190718","20190719","20190720","20190721","20190722","20190723","20190724","20190725","20190726","20190727","20190728","20190729","20190730","20190731","20190801","20190802","20190803","20190804","20190805","20190806","20190807","20190810","20190811","20190812","20190814","20190815","20190816","20190817","20190818","20190819","20190820","20190821","20190822","20190823","20190824","20190825","20190826","20190827","20190828","20190829","20190830","20190831","20190901","20190902","20190903","20190904","20190905","20190906","20190908","20190909","20190910","20190911","20190912","20190913","20190914","20190915","20190916","20190917","20190918","20190919","20190920","20190921","20190922","20190923","20190924","20190925","20190926","20190927","20190928","20190929","20190930","20191001","20191002","20191003","20191004","20191005","20191006","20191007","20191008","20191009","20191010","20191011","20191012","20191013","20191014","20191015","20191016","20191017","20191018","20191019","20191020","20191022","20191023","20191024","20191025","20191026","20191027","20191028","20191029","20191030","20191031","20191101","20191103","20191104","20191105","20191106","20191107","20191108","20191109","20191110","20191111","20191112","20191113","20191114","20191115","20191116","20191117","20191118","20191119","20191120","20191121","20191122","20191123","20191124","20191125","20191126","20191127","20191128","20191129","20191130","20191201","20191202","20191204","20191205","20191207","20191209","20191210","20191211","20191212","20191213","20191214","20191217","20191218","20191219","20191220","20191221","20191222","20191223","20191224","20191225","20191226","20191227","20191228","20191229","20191230","20191231","21091216")
sleep <- c(146,448,448,262,255,283,95,202,287,308,153,268,336,241,394,359,418,82,257,289,115,90,7,40,350,668,778,603,707,817,824,686,741,816,869,-475,-71,319,425,-34,-480,-77,92,30,1322,80,-146,1294,30,-4,39,-11,382,316,49,320,276,416,545,556,360,736,502,861,951,707,873,1030,-161,-390,-208,-8,9,125,93,105,250,160,446,326,-5,-520,225,1437,70,211,330,189,336,325,366,259,485,552,371,465,538,546,687,786,844,753,333,218,-350,-104,-5,30,136,65,163,148,56,270,296,316,222,575,285,582,151,357,-36,155,280,247,384,593,530,782,969,841,780,-488,-230,229,1260,-66,159,121,28,213,218,199,265,127,278,157,157,276,304,493,439,450,397,713,633,659,620,865,369,131,1420,20,-20,253,-91,-452,-14,-300,58,-35,-71,-23,28,54,-25,127,15,4,85,150,45,115,224,-240,133,97,146,269,330,260,466,406,506,654,420,662,804,671,210,207,616,886,862,-405,454,850,253,220,443,1,297,-340,-4,110,-73,15,79,-207,-68,111,46,110,68,133,-3,163,182,79,151,217,273,341,547,394,362,536,437,494,601,733,716,417,470,478,740,71,30,-90,-40,30,-20,403,652,690,637,753,687,-90,3810,754,810,792,798,816,650,579,689,762,459,321,-106,92,664,-570,-180,-68,-58,260,-84,-138,-1432,-360,143,1286,1436,-72,121,27,157,80,51,186,372,276,386,157,429,312,345,224,536,289,443,597,831,552,762,610,686,627,675,792,710,742,-427,9,-804,-673,-24,-115,94,-51,760,1408,1310,120,1417,50,51,3,78,65,49,42,277,114,460,12,-28)
wake <- c(755,880,920,550,835,935,390,800,820,880,320,890,760,855,985,940,920,950,680,845,359,315,250,275,965,1120,1180,1060,1120,1290,1340,1150,1160,1385,1395,360,360,845,785,305,275,360,400,300,360,450,450,460,430,450,630,570,650,610,740,740,765,850,950,950,950,1070,1080,1425,1305,1245,1435,95,275,65,350,410,530,530,630,555,615,760,940,705,300,570,690,270,610,760,790,790,920,955,975,600,855,1115,925,940,1010,1185,1170,1175,1380,1130,500,450,215,305,355,375,415,465,535,595,660,620,785,785,805,885,875,915,860,690,410,835,575,885,960,1050,1060,1155,1275,1305,1335,75,285,475,270,285,400,400,405,455,475,445,635,515,600,660,720,680,890,855,810,895,915,1145,1065,1115,1120,1235,715,300,261,220,255,485,270,245,335,165,310,235,245,240,393,440,355,470,380,410,530,595,360,515,605,515,585,585,635,750,760,820,870,840,1055,1025,1025,1200,1170,1090,550,551,1130,1230,1280,70,1020,1170,495,495,720,240,540,154,203,255,295,345,370,249,340,470,350,475,470,455,510,540,545,605,605,671,800,825,945,790,825,890,950,930,1155,1075,1080,925,1035,1070,1080,375,265,265,265,265,905,995,985,1055,1055,1085,1080,495,1050,1130,1200,1165,1165,1240,1100,1120,1200,1152,1160,665,321,325,1330,0,160,265,265,570,265,355,265,215,455,380,350,365,415,385,495,515,625,685,692,795,815,755,920,833,780,870,980,930,940,1100,1050,1070,1190,1070,1130,1190,1240,1266,1190,1275,275,535,80,110,2540,369,465,355,1400,265,255,261,460,490,550,486,480,480,660,600,730,670,780,558,400)
