date <- c("20230101","20230102","20230103","20230104","20230105","20230106","20230107","20230108","20230109","20230110","20230111","20230112","20230113","20230114","20230115","20230116","20230117","20230118","20230119","20230120","20230121","20230122","20230123","20230124","20230125","20230126","20230127","20230128","20230129","20230130","20230131","20230201","20230202","20230203","20230204","20230205","20230206","20230207","20230208","20230209","20230210","20230211","20230212","20230213","20230214","20230215","20230216","20230217","20230218","20230219","20230220","20230221","20230222","20230223","20230224","20230225","20230226","20230227","20230228","20230301","20230302","20230303","20230304","20230305","20230306","20230307","20230308","20230309","20230310","20230311","20230312","20230313","20230314","20230315","20230316","20230317","20230318","20230319","20230320","20230321","20230322","20230323","20230324","20230325","20230326","20230327","20230328","20230329","20230330","20230331","20230401","20230402","20230403","20230404","20230405","20230406","20230407","20230408","20230409","20230410","20230411","20230412","20230413","20230414","20230415","20230416","20230417","20230418","20230419","20230420","20230421","20230422","20230423","20230424","20230425","20230426","20230427","20230428","20230429","20230430","20230501","20230502","20230503","20230504","20230505","20230506","20230507","20230508","20230509","20230510","20230511","20230512","20230513","20230514","20230515","20230516","20230517","20230518","20230519","20230520","20230521","20230522","20230523","20230524","20230525","20230526","20230527","20230528","20230529","20230530","20230531","20230601","20230602","20230603","20230604","20230605","20230606","20230607","20230608","20230609","20230610","20230611","20230612","20230613","20230614","20230615","20230616","20230617","20230618","20230619","20230620","20230621","20230622","20230623","20230624","20230625","20230626","20230627","20230628","20230629","20230630","20230701","20230702","20230703","20230704","20230705","20230706","20230707","20230708","20230709","20230710","20230711","20230712","20230713","20230714","20230715","20230716","20230717","20230718","20230719","20230720","20230721","20230722","20230723","20230724","20230725","20230726","20230727","20230728","20230729","20230730","20230731","20230801","20230802","20230803","20230804","20230805","20230806","20230807","20230808","20230809","20230810","20230811","20230812","20230813","20230814","20230815","20230816","20230817","20230818","20230819","20230820","20230821","20230822","20230823","20230824","20230825","20230826","20230827","20230828","20230829","20230830","20230831","20230901","20230902","20230903","20230904","20230905","20230906","20230907","20230908","20230909","20230910","20230911")
sleep <- c(42,11,165,-98,150,138,128,227,287,212,253,265,284,420,218,330,339,422,442,260,120,452,366,467,-82,213,266,233,310,585,654,713,615,749,692,690,589,844,635,540,605,548,538,688,658,687,679,598,622,708,708,683,705,870,893,895,850,158,-399,-372,-177,-545,-472,-220,-498,-246,-143,-331,-277,-130,-90,-216,-50,-106,-26,129,-64,-8,56,112,164,30,30,107,77,148,60,194,132,280,103,178,462,162,179,309,210,106,307,278,147,247,263,150,253,347,340,273,320,240,70,230,68,374,471,423,-73,78,-41,3,71,459,302,365,159,94,-53,-91,74,120,133,70,-6,34,161,201,326,248,223,373,334,293,360,428,349,417,271,265,397,-112,114,50,55,23,226,110,77,325,310,248,136,258,318,268,305,317,192,290,328,322,364,246,344,350,368,245,470,517,407,1330,148,167,172,536,371,287,200,335,281,389,-73,128,200,280,127,193,275,330,317,311,427,51,178,363,373,88,358,405,274,189,412,293,334,365,377,401,726,431,607,445,660,534,591,440,499,479,572,565,544,590,529,561,565,575,562,605,605,575,620,430,155,-14,-579,-517,-433,-499,-458,-454,-183,-213,-362,-368,-326,-260)
wake <- c(660,630,510,530,710,615,690,671,754,780,721,769,828,883,780,882,862,865,907,750,795,972,1015,900,960,955,1015,970,960,1060,1169,1080,1140,1125,1160,1125,1120,1180,1080,1040,1060,1040,1010,1020,1125,1145,1110,1110,1115,1103,1090,1150,1110,1270,1281,1300,1180,440,35,1405,135,1380,70,52,37,330,180,155,208,385,311,326,427,345,455,535,449,480,540,600,540,470,570,692,570,620,720,700,695,730,450,705,860,680,768,737,790,810,855,712,576,870,769,860,820,854,865,907,830,660,655,630,780,832,927,900,240,441,490,450,783,780,885,840,750,540,510,480,660,690,660,540,666,690,660,750,810,788,790,842,780,780,840,900,830,870,785,785,840,390,420,420,600,720,720,720,723,830,782,660,720,810,720,840,782,780,720,840,840,840,840,840,842,930,900,840,900,900,732,300,456,540,685,940,840,815,800,780,840,841,544,823,730,810,810,870,870,840,870,810,790,420,870,930,870,680,840,880,840,890,970,870,940,960,975,1033,1080,1070,1080,1110,1100,1080,1080,1065,1042,1065,1098,1125,1065,1080,1140,1105,1080,1080,1095,1100,1140,1065,1065,1080,540,420,0,105,0,30,1410,0,180,120,120,120,140,145)
sleeplong <- c(618,619,345,628,560,477,562,444,467,568,468,504,544,463,562,552,523,443,465,490,675,520,649,433,1042,742,749,737,650,475,515,367,525,376,468,435,531,336,445,500,455,492,472,332,467,458,431,512,493,395,382,467,405,400,388,405,330,282,434,1777,312,1925,542,272,535,576,323,486,485,515,401,542,477,451,481,406,513,488,484,488,376,440,540,585,493,472,660,506,563,450,347,527,398,518,589,428,580,704,548,434,429,623,506,710,567,507,525,634,510,420,585,400,712,458,456,477,313,363,531,447,712,321,583,475,591,446,563,571,586,570,527,470,672,656,499,549,484,540,567,469,446,487,480,472,481,453,514,520,443,502,306,370,545,697,494,610,646,505,472,412,584,552,402,572,477,463,528,550,512,518,476,594,498,580,532,595,430,383,325,-1030,308,373,513,404,469,528,600,445,559,452,617,695,530,530,683,677,595,510,553,499,363,369,692,567,497,592,482,475,566,701,558,577,606,595,598,632,354,639,473,665,440,546,489,625,543,586,526,560,521,490,611,544,515,505,533,495,535,490,445,650,385,434,579,622,433,529,1868,454,363,333,482,488,466,405)
plot(c(1:254),sleep,type="b",pch=15,lty=1,col="red",xaxt="n",xlab = "date")
lines(c(1:254),wake,type="b",pch=17,lty=2,col="blue")
lines(c(1:254),sleeplong,type="b",pch=21,lty=2,col="green")
legend("topleft",inset=.05,title="睡眠曲线",c("睡","醒","时长"),lty=c(1,2,2),pch=c(15,17,21),col=c("red","blue","green"))
abline(h = 480)
axis(1, c(1:254),date)
