date <- c("20221201","20221202","20221203","20221204","20221205","20221206","20221207","20221208","20221209","20221210","20221211","20221212","20221213","20221214","20221215","20221216","20221217","20221218","20221219","20221220","20221221","20221222","20221223","20221224","20221225","20221226","20221227","20221228","20221229","20221230","20221231","20230101","20230102","20230103","20230104","20230105","20230106","20230107","20230108","20230109","20230110","20230111","20230112","20230113","20230114","20230115","20230116","20230117","20230118","20230119","20230120","20230121","20230122","20230123","20230124","20230125","20230126","20230127","20230128","20230129","20230130","20230131","20230201","20230202","20230203","20230204","20230205","20230206","20230207","20230208","20230209","20230210","20230211","20230212","20230213","20230214","20230215","20230216","20230217","20230218","20230219","20230220","20230221","20230222","20230223","20230224","20230225","20230226","20230227","20230228","20230301","20230302","20230303","20230304","20230305","20230306","20230307","20230308","20230309","20230310","20230311","20230312","20230313","20230314","20230315","20230316","20230317","20230318","20230319","20230320","20230321","20230322","20230323","20230324","20230325","20230326","20230327","20230328","20230329","20230330","20230331","20230401","20230402","20230403","20230404","20230405","20230406","20230407","20230408","20230409","20230410","20230411","20230412","20230413","20230414","20230415","20230416","20230417","20230418","20230419","20230420","20230421","20230422","20230423","20230424","20230425","20230426","20230427","20230428","20230429","20230430","20230501","20230502","20230503","20230504","20230505","20230506","20230507","20230508","20230509","20230510")
sleep <- c(-152,-40,-50,-30,2,-102,1808,-73,-223,-178,-140,-5,104,28,-30,10,-25,115,80,200,181,175,135,295,225,158,193,277,263,214,290,42,11,165,-98,150,138,128,227,287,212,253,265,284,420,218,330,339,422,442,260,120,452,366,467,-82,213,266,233,310,585,654,713,615,749,692,690,589,844,635,540,605,548,538,688,658,687,679,598,622,708,708,683,705,870,893,895,850,158,-399,-372,-177,-545,-472,-220,-498,-246,-143,-331,-277,-130,-90,-216,-50,-106,-26,129,-64,-8,56,112,164,30,30,107,77,148,60,194,132,280,103,178,462,162,179,309,210,106,307,278,147,247,263,150,253,347,340,273,320,240,70,230,68,374,471,423,-73,78,-41,3,71,459,302,365,159,94,-53,-91,74,120)
wake <- c(305,412,413,417,451,428,448,400,195,315,513,448,616,560,620,620,620,660,701,710,660,685,738,740,720,720,720,750,780,720,790,660,630,510,530,710,615,690,671,754,780,721,769,828,883,780,882,862,865,907,750,795,972,1015,900,960,955,1015,970,960,1060,1169,1080,1140,1125,1160,1125,1120,1180,1080,1040,1060,1040,1010,1020,1125,1145,1110,1110,1115,1103,1090,1150,1110,1270,1281,1300,1180,440,35,1405,135,1380,70,52,37,330,180,155,208,385,311,326,427,345,455,535,449,480,540,600,540,470,570,692,570,620,720,700,695,730,450,705,860,680,768,737,790,810,855,712,576,870,769,860,820,854,865,907,830,660,655,630,780,832,927,900,240,441,490,450,783,780,885,840,750,540,510,480,660,690)
sleeplong <- c(457,452,463,447,449,530,-1360,473,418,493,653,453,512,532,650,610,645,545,621,510,479,510,603,445,495,562,527,473,517,506,500,618,619,345,628,560,477,562,444,467,568,468,504,544,463,562,552,523,443,465,490,675,520,649,433,1042,742,749,737,650,475,515,367,525,376,468,435,531,336,445,500,455,492,472,332,467,458,431,512,493,395,382,467,405,400,388,405,330,282,434,1777,312,1925,542,272,535,576,323,486,485,515,401,542,477,451,481,406,513,488,484,488,376,440,540,585,493,472,660,506,563,450,347,527,398,518,589,428,580,704,548,434,429,623,506,710,567,507,525,634,510,420,585,400,712,458,456,477,313,363,531,447,712,321,583,475,591,446,563,571,586,570)
plot(c(1:161),sleep,type="b",pch=15,lty=1,col="red",xaxt="n",xlab = "date")
lines(c(1:161),wake,type="b",pch=17,lty=2,col="blue")
lines(c(1:161),sleeplong,type="b",pch=21,lty=2,col="green")
legend("topleft",inset=.05,title="睡眠曲线",c("睡","醒","时长"),lty=c(1,2,2),pch=c(15,17,21),col=c("red","blue","green"))
abline(h = 480)
axis(1, c(1:161),date)
