date <- c("20200102","20200103","20200104","20200105","20200106","20200107","20200108","20200109","20200110","20200111","20200112","20200113","20200114","20200115","20200116","20200117","20200118","20200119","20200120","20200121","20200122","20200123","20200124","20200125","20200126","20200127","20200128","20200129","20200130","20200131","20200201","20200203","20200205","20200206","20200207","20200208","20200209","20200211","20200212","20200213","20200214","20200215","20200216","20200217","20200218","20200219","20200220","20200221","20200222","20200223","20200224","20200225","20200226","20200227","20200228","20200229","20200301","20200302","20200303","20200304","20200305","20200306","20200307","20200308","20200309","20200310","20200311","20200312","20200313","20200314","20200315","20200316","20200317","20200318","20200319","20200320","20200321","20200322","20200323","20200324","20200325","20200326","20200327","20200328","20200329","20200330","20200331","20200401","20200402","20200403","20200404","20200405","20200406","20200407","20200408","20200409","20200410","20200411","20200412","20200413","20200414","20200415","20200416","20200417","20200418","20200419","20200420","20200421","20200422","20200423","20200424","20200425","20200426","20200427","20200428","20200429","20200430","20200501","20200502","20200503","20200504","20200505","20200506","20200507","20200508","20200509","20200510","20200511","20200512","20200513","20200514","20200515","20200516","20200517","20200518","20200519","20200520","20200521","20200522","20200523","20200524","20200525","20200526","20200527","20200528","20200529","20200530","20200531","20200601","20200602","20200603","20200604","20200605","20200606","20200607","20200608","20200609","20200610","20200611","20200612","20200613","20200614","20200615","20200616","20200617","20200618","20200619","20200620","20200621","20200622","20200623","20200624","20200625","20200626","20200627","20200628","20200629","20200630","20200701","20200702","20200703","20200704","20200705","20200706","20200707","20200708","20200709","20200710","20200711","20200712","20200713","20200714","20200715","20200716","20200717","20200718","20200719","20200720","20200721","20200722","20200723","20200724","20200725","20200726","20200727","20200728","20200729","20200730","20200731","20200801","20200802","20200803","20200804","20200805","20200806","20200807","20200808","20200809","20200810","20200811","20200812","20200813","20200814","20200815","20200816","20200817","20200818","20200819","20200820","20200821","20200822","20200823","20200824","20200825","20200826","20200827","20200828","20200829","20200830","20200831","20200901","20200902","20200903","20200904","20200905","20200906","20200907","20200908","20200909","20200910","20200911","20200912","20200913","20200914","20200915","20200916","20200917","20200918","20200919","20200920","20200921","20200926","20200927","20200928","20200929","20200930","20201001","20201002","20201003","20201004","20201005","20201006","20201007","20201008","20201009","20201010","20201011","20201012","20201013","20201014","20201015","20201016","20201017","20201018","20201019","20201020","20201021","20201022","20201023","20201024","20201025","20201026","20201027","20201028","20201029","20201030","20201031","20201101")
sleep <- c(108,-21,-54,230,98,218,84,-17,107,-796,411,359,291,309,477,582,376,485,306,188,322,669,606,1631,477,734,642,848,942,802,690,1056,-577,1223,1315,1244,254,1026,1393,-94,-100,20,67,18,-102,66,137,165,186,188,270,364,153,415,302,360,318,307,387,484,68,292,286,414,385,160,409,42,474,376,330,318,512,390,694,516,305,715,302,418,482,454,484,271,1324,461,673,791,125,157,477,299,152,189,189,345,574,574,-301,-28,-92,-121,-51,-120,-72,-211,-66,142,142,1338,5,1257,1317,28,-198,44,-81,-16,-133,25,21,28,62,31,50,102,7,73,178,80,60,75,140,215,200,198,358,244,171,188,254,370,423,611,526,435,626,-11,401,515,475,292,308,422,196,196,483,486,575,337,378,710,839,651,637,844,682,210,360,195,499,676,762,729,295,149,455,85,130,395,292,75,-185,-85,91,10,175,-117,-193,-119,-8,6,-85,100,-51,-1286,92,142,97,-30,660,730,90,870,2660,690,1800,362,336,368,360,225,481,375,480,282,390,419,251,16,260,57,333,567,293,437,465,122,196,158,578,606,489,445,750,608,442,151,451,-767,236,47,201,-56,463,-225,-40,-182,-263,11,-263,60,1334,1329,134,238,32,19,87,-57,216,-58,61,171,136,160,79,165,188,121,116,140,211,311,166,277,335,238,209,759,202,399,-157,205,14,298,393,422,215,423,395,519,519,708,646,691,865,792)
wake <- c(525,442,535,732,660,720,493,507,685,795,940,960,885,820,1020,1020,895,910,875,810,950,1055,1075,1060,1060,1120,1080,1230,1412,1205,1295,1380,75,220,330,178,511,180,280,377,395,380,465,460,523,540,600,545,505,555,700,730,690,793,797,745,565,720,760,880,675,720,675,885,645,760,815,680,820,900,825,860,855,930,1005,940,913,1070,794,920,1045,963,965,605,226,969,1064,1135,1665,575,820,548,308,375,375,665,695,824,1403,220,140,207,210,166,230,130,1150,1150,240,240,268,238,280,373,390,326,273,296,300,506,339,495,485,513,4892,484,493,560,590,630,515,535,712,480,611,721,645,290,482,813,515,835,903,958,885,804,865,145,840,1010,844,821,710,710,585,645,917,960,1010,520,947,4497,1147,1100,1065,1160,859,380,504,432,965,1080,1130,1164,480,370,670,330,320,607,505,270,128,219,202,240,284,240,213,240,233,250,240,400,415,422,556,494,444,380,520,450,431,566,545,487,555,739,784,724,543,770,840,840,843,796,895,835,390,215,571,271,710,1006,820,865,835,835,433,313,1060,1060,945,990,1206,1060,700,390,940,4430,510,330,433,155,675,153,212,205,170,342,270,373,229,337,410,504,570,350,590,550,425,467,522,553,628,628,340,633,524,651,710,710,715,771,614,842,785,836,622,1020,737,1035,180,570,560,903,908,1031,498,996,1046,1021,1060,1131,1074,1134,1251,1174)
sleeplong <- c(417,463,589,502,562,502,409,524,578,1591,529,601,594,511,543,438,519,425,569,622,628,386,469,-571,583,386,438,382,470,403,605,324,652,-1003,-985,-1066,257,-846,-1113,471,495,360,398,442,625,474,463,380,319,367,430,366,537,378,495,385,247,413,373,396,607,428,389,471,260,600,406,638,346,524,495,542,343,540,311,424,608,355,492,502,563,509,481,334,-1098,508,391,344,1540,418,343,249,156,186,186,320,121,250,1704,248,232,328,261,286,302,341,1216,1008,98,-1098,263,-1019,-1037,345,588,282,354,312,433,481,318,467,423,482,4842,382,486,487,412,550,455,460,572,265,411,523,287,46,311,625,261,465,480,347,359,369,239,156,439,495,369,529,402,288,389,449,434,474,435,183,569,3787,308,449,428,316,177,170,144,237,466,404,368,435,185,221,215,245,190,212,213,195,313,304,111,230,109,357,406,359,241,244,325,300,466,1708,464,352,347,410,-140,-280,341,-304,-2115,-203,-1245,377,448,356,183,545,359,465,363,514,505,416,139,199,311,214,377,439,527,428,370,713,237,155,482,454,456,545,456,452,258,239,489,5197,274,283,232,211,212,378,252,387,433,331,533,313,-1105,-992,276,266,538,331,503,607,209,525,461,382,492,468,261,468,336,530,594,570,504,460,448,565,450,598,413,261,535,636,337,365,546,605,515,609,283,573,651,502,541,423,428,443,386,382)
plot(c(1:298),sleep,type="b",pch=15,lty=1,col="red",xaxt="n",xlab = "date")
lines(c(1:298),wake,type="b",pch=17,lty=2,col="blue")
lines(c(1:298),sleeplong,type="b",pch=21,lty=2,col="green")
legend("topleft",inset=.05,title="睡眠曲线",c("睡","醒","时长"),lty=c(1,2,2),pch=c(15,17,21),col=c("red","blue","green"))
abline(h = 480)
axis(1, c(1:298),date)
