date <- c("20210101","20210102","20210103","20210104","20210105","20210106","20210107","20210108","20210109","20210110","20210111","20210112","20210113","20210114","20210115","20210116","20210117","20210118","20210119","20210120","20210121","20210122","20210123","20210124","20210125","20210127","20210128","20210129","20210130","20210131","20210201","20210202","20210203","20210204","20210205","20210206","20210207","20210208","20210209","20210210","20210211","20210212","20210213","20210214","20210215","20210216","20210217","20210218","20210219","20210220","20210221","20210222","20210223","20210224","20210225","20210226","20210227","20210228","20210301","20210302","20210303","20210304","20210305","20210306","20210307","20210308","20210309","20210310","20210311","20210312","20210313","20210314","20210316","20210317","20210319","20210320","20210321","20210322","20210323","20210324","20210325","20210326","20210327","20210328","20210329","20210330","20210331","20210401","20210402","20210403","20210404","20210405","20210406","20210407","20210408","20210409","20210410","20210411","20210412","20210413","20210414","20210415","20210416","20210417","20210418","20210419","20210420","20210421","20210422","20210423","20210424","20210425","20210426","20210427","20210428","20210429","20210430","20210501","20210502","20210503","20210504","20210505","20210506","20210507","20210508","20210509","20210510","20210511","20210512","20210513","20210514","20210515","20210516","20210517","20210518","20210519","20210520","20210521","20210522","20210523","20210524","20210525","20210526","20210527","20210528","20210529","20210530","20210601","20210602","20210603","20210604","20210605","20210606","20210607","20210608","20210609","20210610","20210611","20210612","20210613","20210614","20210615","20210616","20210617","20210618","20210619","20210620","20210621","20210622","20210623","20210624","20210625","20210626","20210627","20210628","20210629","20210630","20210701","20210702","20210703","20210704","20210705","20210706","20210707","20210708","20210709","20210710","20210711","20210712","20210713","20210714","20210715","20210716","20210717","20210718","20210719","20210720","20210721","20210722","20210723","20210724","20210725","20210726","20210727","20210728","20210729","20210730","20210731","20210801","20210802","20210803","20210804","20210805","20210806")
sleep <- c(NaN,30,NaN,178,298,55,1274,1395,1318,1231,-600,-174,83,-311,73,-259,59,-241,1,-75,-66,-122,-52,-135,-25,108,117,159,163,162,113,232,162,382,196,622,688,278,604,293,525,353,600,630,442,474,492,527,305,186,427,534,665,568,740,716,719,686,597,622,804,671,734,737,659,980,615,102,342,300,740,1010,1142,802,-107,-181,56,14,1400,1400,1370,1370,1382,1387,37,105,171,52,339,155,461,415,169,233,179,190,407,420,194,359,187,277,149,422,255,493,294,526,NaN,228,273,244,-234,235,370,254,266,503,414,262,352,463,559,542,383,593,493,391,499,499,518,187,-165,261,664,713,579,675,577,756,756,1000,839,942,810,834,278,-502,145,-136,70,1222,1179,-337,-64,-145,-46,-44,-82,1439,164,18,-7,-29,31,103,121,99,253,-15,95,-127,306,217,413,250,144,177,207,35,84,235,279,151,279,132,258,272,288,93,336,329,567,387,563,345,450,NaN,-165,484,703,778,726,743,773,876,731,835,786,795,696,982,677,780)
wake <- c(550,265,265,420,467,265,265,240,240,153,1407,228,423,180,355,230,355,345,464,436,415,430,460,500,521,591,652,697,725,600,650,753,708,806,847,1067,1050,874,960,612,928,960,960,1053,960,960,1008,960,590,747,965,960,1074,1070,5670,1100,1115,1137,950,1119,1140,1093,1194,1104,1128,1242,1151,318,656,660,1196,1344,25,1388,127,214,353,300,278,260,230,370,358,493,461,563,579,606,643,617,843,718,546,700,NaN,726,770,780,679,699,420,620,590,813,820,857,808,882,618,750,815,577,323,780,776,773,795,965,860,856,951,930,953,1063,988,1130,1009,936,985,992,1038,563,233,1044,1200,1173,1125,1110,1216,1195,1336,1275,1305,1320,1240,1175,515,27,391,140,236,120,130,149,272,295,273,324,352,331,538,452,338,494,543,543,570,300,575,240,360,457,617,723,771,723,683,656,634,483,610,594,NaN,721,650,536,810,777,845,722,712,815,939,975,955,814,965,944,1123,1002,1169,1199,1040,1079,1169,1255,1205,1199,1266,1157,1226,1321,1200,1230)
sleeplong <- c(NaN,235,NaN,242,169,210,-1009,-1155,-1078,-1078,2007,402,340,491,282,489,296,586,463,511,481,552,512,635,546,483,535,538,562,438,537,521,546,424,651,445,362,596,356,319,403,607,360,423,518,486,516,433,285,561,538,426,409,502,4930,384,396,451,353,497,336,422,460,367,469,262,536,216,314,360,456,334,-1117,586,234,395,297,286,-1122,-1140,-1140,-1000,-1024,-894,424,458,408,554,304,462,382,303,377,467,NaN,536,363,360,485,340,233,343,441,391,565,364,514,356,NaN,522,542,333,557,545,406,519,529,462,446,594,599,467,394,521,605,537,516,545,486,493,520,376,398,783,536,460,546,435,639,439,580,275,466,378,430,341,237,529,246,276,166,-1102,-1049,486,336,440,319,368,434,-1108,374,434,345,523,512,440,449,201,322,255,265,584,311,506,358,473,539,479,427,448,526,359,NaN,570,371,404,552,505,557,629,376,486,372,588,392,469,515,NaN,1288,518,466,421,314,336,396,379,474,364,480,362,530,339,523,450)
plot(c(1:214),sleep,type="b",pch=15,lty=1,col="red",xaxt="n",xlab = "date")
lines(c(1:214),wake,type="b",pch=17,lty=2,col="blue")
lines(c(1:214),sleeplong,type="b",pch=21,lty=2,col="green")
legend("topleft",inset=.05,title="睡眠曲线",c("睡","醒","时长"),lty=c(1,2,2),pch=c(15,17,21),col=c("red","blue","green"))
abline(h = 480)
axis(1, c(1:214),date)
