date <- c("20240101","20240102","20240103","20240104","20240105","20240106","20240107","20240108","20240109","20240110","20240111","20240112","20240113","20240114","20240115","20240116","20240117","20240118","20240119","20240120","20240121","20240122","20240123","20240124","20240125","20240126","20240127","20240128","20240129","20240130","20240131","20240201","20240202","20240203","20240204","20240205","20240206","20240207","20240208","20240209","20240210","20240211","20240212","20240213","20240214","20240215","20240216","20240217","20240218","20240219","20240220","20240221","20240222","20240223","20240224","20240225","20240226","20240228","20240229","20240301","20240302","20240303","20240304","20240305","20240306","20240307","20240308","20240309","20240310","20240311","20240312","20240313","20240314","20240315","20240316","20240317","20240318","20240319","20240320","20240321","20240322","20240323","20240324","20240325","20240326","20240327","20240328","20240329","20240330","20240331","20240401","20240402","20240403","20240404","20240405","20240406","20240407","20240408","20240409","20240410","20240411","20240412","20240413","20240414","20240415","20240416","20240417","20240418","20240419","20240420","20240421","20240422","20240423","20240424","20240425","20240426","20240427","20240428","20240429","20240430","20240501","20240502","20240503","20240504","20240505","20240506","20240507","20240508","20240509","20240510","20240511","20240512","20240513","20240514","20240515","20240516","20240517","20240518","20240519","20240520","20240521","20240522","20240523","20240524","20240525","20240526","20240527","20240528","20240529","20240530","20240531","20240601","20240602","20240603","20240604","20240605","20240606","20240607","20240608","20240609","20240610","20240611","20240612","20240613","20240614","20240615","20240616","20240617","20240618","20240619","20240620")
sleep <- c(-35,-60,-38,-92,-15,-45,-3,-1,-23,122,-10,7,27,32,142,-163,131,73,195,202,209,173,217,295,307,334,305,-87,2,128,245,72,341,295,469,452,523,650,601,646,418,523,519,499,635,451,543,611,803,680,608,685,725,688,714,884,762,-565,-416,-237,-268,-138,-320,-142,-178,-261,-275,-220,-150,-281,-343,-258,-225,-64,-216,-314,-45,-150,-21,-254,-200,-187,-148,-108,-109,-113,-81,-91,-92,-184,-127,-134,-134,-149,-61,-47,-120,-143,27,-12,-126,-95,-161,-146,-87,-178,-105,-174,-101,-108,-96,-158,-85,-152,-45,-111,2,-114,-99,-72,-171,-48,-60,-122,-66,-105,-85,-112,19,-72,-26,-72,-70,-106,-60,-128,-91,-78,-126,-167,-113,-159,-203,-103,-89,-73,-136,-60,-133,-106,-130,-59,-136,-118,-64,-154,-120,-8,-119,-126,-100,-165,-146,-131,-93,-93,-60,-14,4,-40,-64)
wake <- c(480,450,480,540,480,544,540,560,586,650,609,590,646,729,660,750,637,836,775,793,793,840,961,872,905,900,897,395,805,870,671,805,900,960,1075,921,1181,1030,1050,1010,1080,1035,1035,1140,1080,1080,1080,1170,1200,1145,1240,1200,1230,1231,1340,1290,1335,38,20,190,285,154,213,397,202,195,240,363,214,150,232,208,180,389,238,241,320,273,326,306,210,373,353,286,405,360,409,366,390,315,360,446,367,387,491,515,378,528,458,417,420,457,548,390,321,333,407,288,360,286,442,366,437,337,354,355,513,347,402,451,277,396,302,446,334,361,453,291,365,343,423,360,337,405,378,380,390,472,311,323,405,317,318,355,397,403,378,416,308,298,234,348,297,430,387,290,330,445,300,265,337,285,364,328,356,339,397,445,406,390,587)
sleeplong <- c(515,510,518,632,495,589,543,561,609,528,619,583,619,697,518,913,506,763,580,591,584,667,744,577,598,566,592,482,803,742,426,733,559,665,606,469,658,380,449,364,662,512,516,641,445,629,537,559,397,465,632,515,505,543,626,406,573,603,436,427,553,292,533,539,380,456,515,583,364,431,575,466,405,453,454,555,365,423,347,560,410,560,501,394,514,473,490,457,482,499,487,580,501,536,552,562,498,671,431,429,546,552,709,536,408,511,512,462,461,394,538,524,522,489,399,466,511,461,501,523,448,444,362,568,400,466,538,403,346,415,449,432,407,511,438,508,481,550,437,490,518,476,521,458,486,476,514,476,441,404,364,407,433,548,451,444,450,453,419,391,437,450,510,459,449,432,457,459,402,430,651)
plot(c(1:171),sleep,type="s",col="red",xaxt="n",xlab = "date",ylab="time(minute)",ylim=range(-1000,2200))
lines(c(1:171),wake,type="s",col="blue")
lines(c(1:171),sleeplong,type="s",col="green")
legend("topleft",inset=.05,title="睡眠曲线",c("睡(辅助线:凌晨)","醒","时长(辅助线:480)"),lty=c(1,1,1),col=c("red","blue","green"))
abline(h = 0,col="red",lty = 3)
abline(h = 1440,col="red",lty = 3)
abline(h = 480,col="green",lty = 3)
axis(1, c(1:171),date)
