date <- c("20180402","20180403","20180404","20180405","20180406","20180407","20180408","20180409","20180410","20180411","20180412","20180413","20180414","20180415","20180416","20180418","20180419","20180420","20180421","20180422","20180423","20180424","20180425","20180426","20180427","20180428","20180429","20180430","20180501","20180502","20180503","20180504","20180505","20180506","20180507","20180508","20180509","20180510","20180511","20180512","20180513","20180514","20180515","20180516","20180517","20180518","20180519","20180520","20180521","20180522","20180523","20180524","20180525","20180526","20180527","20180529","20180530","20180531","20180601","20180602","20180603","20180604","20180605","20180606","20180607","20180608","20180615","20180616","20180617","20180618","20180619","20180620","20180621","20180622","20180623","20180624","20180625","20180626","20180627","20180628","20180629","20180630","20180701","20180702","20180703","20180704","20180705","20180706","20180707","20180708","20180709","20180710","20180711","20180712","20180713","20180714","20180715","20180716","20180717","20180719","20180720","20180721","20180722","20180725","20180726","20180727","20180728","20180729","20180730","20180731","20180801","20180802","20180803","20180804","20180805","20180806","20180807")
sleep <- c(245,145,219,166,239,145,423,627,371,81,481,708,686,783,805,-295,-159,88,-197,275,-158,-213,406,-89,-30,-480,5,-10,-50,-36,-24,326,418,161,341,181,309,247,505,348,473,589,549,555,641,465,465,586,857,638,801,727,999,971,890,-478,-67,-360,-259,-19,66,45,60,134,152,152,1433,22,143,389,240,283,283,470,830,347,529,418,481,319,517,382,398,630,512,540,681,608,608,180,371,791,793,752,691,575,909,739,917,-516,276,409,853,-243,-115,305,240,-320,-55,355,98,-3,70,1392,262,104,-14)
wake <- c(465,380,435,465,690,820,1040,1055,710,480,1105,1190,1220,1220,1390,305,305,365,265,605,320,170,760,460,340,150,345,530,510,390,545,760,755,565,755,720,600,780,830,735,985,950,910,910,935,940,920,1190,1170,1265,1190,230,1280,1310,1370,50,390,150,290,380,455,460,520,435,350,350,540,490,570,870,730,830,845,909,909,635,925,910,870,875,905,825,945,995,1000,1070,1100,1065,835,920,995,995,1170,1170,960,1095,1230,1150,1330,40,450,1050,1360,290,380,560,450,150,310,615,340,275,365,405,525,335,335)
sleeplong <- c(220,235,216,299,451,675,617,428,339,399,624,482,534,437,585,600,464,277,462,330,478,383,354,549,370,630,340,540,560,426,569,434,337,404,414,539,291,533,325,387,512,361,361,355,294,475,455,604,313,627,389,-497,281,339,480,528,457,510,549,399,389,415,460,301,198,198,-893,468,427,481,490,547,562,439,79,288,396,492,389,556,388,443,547,365,488,530,419,457,227,740,624,204,377,418,269,520,321,411,413,556,174,641,507,533,495,255,210,470,365,260,242,278,295,-987,263,231,349)
plot(c(1:117),sleep,type="b",pch=15,lty=1,col="red",xaxt="n",xlab = "date")
lines(c(1:117),wake,type="b",pch=17,lty=2,col="blue")
lines(c(1:117),sleeplong,type="b",pch=21,lty=2,col="green")
legend("topleft",inset=.05,title="睡眠曲线",c("睡","醒","时长"),lty=c(1,2,2),pch=c(15,17,21),col=c("red","blue","green"))
axis(1, c(1:117),date)
