date <- c("20250101","20250102","20250103","20250104","20250105","20250106","20250107","20250109","20250110","20250111","20250112","20250113","20250114","20250115","20250116","20250117","20250118","20250119","20250120","20250121","20250122","20250123","20250124","20250125","20250126","20250127","20250128","20250129","20250130","20250131","20250201","20250202","20250203","20250204","20250205","20250206","20250207","20250208","20250209","20250210","20250211","20250212","20250213","20250214","20250215","20250216","20250217","20250218","20250219","20250220","20250221","20250222","20250223","20250224","20250225","20250226","20250227","20250228","20250301","20250302","20250303","20250304","20250305","20250306","20250307","20250308","20250309","20250310","20250311","20250312","20250313","20250314","20250315","20250316","20250317","20250318","20250319","20250320","20250321","20250322","20250323","20250324","20250325","20250326","20250327","20250328","20250329","20250330","20250331","20250401","20250402","20250403","20250404","20250405","20250406","20250407","20250408","20250409","20250410","20250411","20250412","20250413","20250414","20250415","20250416","20250417","20250418","20250419","20250420","20250421","20250422","20250423","20250424","20250425","20250426","20250427","20250428","20250429","20250430","20250501","20250502","20250503","20250504","20250505","20250506","20250507","20250508","20250509","20250510","20250511","20250512","20250513","20250514","20250515","20250516","20250517","20250518","20250519","20250520","20250521","20250522","20250523","20250524","20250525","20250526","20250527","20250528","20250529","20250530","20250531","20250601","20250602","20250603","20250604","20250605","20250606","20250607","20250608","20250609","20250610","20250611","20250612","20250613","20250614","20250615","20250616","20250617","20250618","20250619","20250620","20250621","20250622","20250623","20250624","20250625","20250626","20250627","20250628","20250629","20250630","20250701","20250702","20250703","20250704","20250705","20250706","20250707","20250708","20250709","20250710","20250711","20250712","20250713","20250714","20250715","20250716","20250717","20250718","20250719","20250720","20250721","20250722","20250723","20250724","20250725","20250726","20250727","20250728","20250729","20250730","20250731","20250801","20250802","20250803","20250804","20250805","20250806","20250807","20250808","20250809","20250810","20250811","20250812","20250813","20250814","20250815","20250816","20250817","20250818","20250819","20250820","20250821","20250822","20250823","20250824","20250825","20250826","20250827","20250828","20250829","20250830","20250831","20250901","20250902","20250903","20250904","20250905","20250906","20250907","20250908","20250909","20250910","20250911","20250912","20250913","20250914","20250915","20250916","20250917","20250918","20250919","20250920","20250921","20250922","20250923","20250924","20250925","20250926","20250927","20250928","20250929","20250930","20251001","20251002","20251003","20251004","20251005","20251006","20251007","20251008","20251009","20251010","20251011","20251012","20251013","20251014","20251015","20251016","20251017","20251018","20251019","20251020","20251021","20251022","20251023","20251024","20251025","20251026","20251027","20251028","20251029","20251030","20251031","20251101","20251102","20251103","20251104","20251105","20251106","20251107","20251108","20251109","20251110","20251111","20251112","20251113","20251114","20251115","20251116","20251117","20251118","20251119","20251120","20251121","20251122","20251123","20251124","20251125","20251126","20251127","20251128","20251129","20251130","20251201","20251202","20251203","20251204","20251205","20251206","20251207","20251208","20251209","20251210","20251211","20251212","20251213","20251214","20251215","20251216","20251217","20251218","20251219","20251220","20251221","20251222","20251223","20251224","20251225","20251226","20251227","20251228","20251229","20251230","20251231")
sleep <- c(554,545,592,245,641,714,307,-587,-454,-368,-220,-183,-154,-41,-141,-47,31,-155,-30,45,43,-80,-68,-184,-322,-38,-293,-174,-46,-66,62,-45,-4,211,187,28,212,223,123,559,160,263,188,172,-125,-73,187,85,131,-58,42,63,212,331,-19,-64,-18,-8,-98,104,-100,-250,-108,-15,-104,-75,-56,-24,-430,131,-269,157,-325,-129,-18,-53,205,-78,76,-210,163,59,-188,-35,-90,-152,-25,65,-51,-37,84,-107,-54,-124,52,19,-173,-140,-52,10,2,-107,24,-14,-453,-236,-474,-151,57,-49,-71,54,-90,-138,-180,-31,-126,-213,-5,-48,-23,-170,-23,-169,-240,-87,-25,100,34,152,-33,-50,76,-18,-146,-148,74,-75,-180,105,-194,-115,-25,-53,-234,-172,127,-16,60,-2,81,-4,-93,-5,0,-9,-177,104,-96,-93,-92,26,-147,-66,-58,-170,-450,24,-117,-46,-107,6,-35,-30,3,-131,-13,-45,-40,-55,-40,-20,-37,-220,-32,244,-43,-385,-64,-305,-179,-60,-58,-177,-180,8,43,-60,-94,47,7,4,-18,33,-3,-69,59,-49,49,78,13,-129,88,53,-15,-98,-18,-23,-7,40,89,17,65,28,208,150,-23,135,77,13,188,17,138,71,141,174,183,199,153,68,-42,95,240,39,181,133,108,169,340,-8,10,360,145,0,160,152,125,264,360,129,191,7,232,206,-85,-55,305,147,224,224,180,97,82,-206,-125,-77,10,-152,-111,-421,-108,-43,-160,178,222,-199,48,40,342,-17,82,-131,34,-4,130,271,-140,-121,14,-89,107,82,-23,-92,193,-146,-103,4,-108,8,0,-5,178,68,58,103,-24,126,257,37,18,206,225,199,218,365,146,319,277,162,428,492,424,288,-40,10,455,471,382,632,454,-32,-100,-512,-567,-520,-444,-422,-407,-464,-445,-422,-375,-484,-463,-516,-488,-557,-468,-332,-388,-372,-499,-431)
wake <- c(1049,1028,952,1096,1091,1086,1165,40,109,203,192,191,316,236,260,269,322,227,421,419,420,514,511,313,516,555,493,515,555,661,664,640,646,648,776,701,811,873,785,896,855,826,825,576,629,797,798,416,483,481,731,863,886,860,415,296,529,612,862,805,476,652,711,497,709,750,625,456,488,558,662,552,407,462,504,633,805,692,668,389,685,703,712,699,706,685,698,320,510,515,454,278,300,500,540,456,293,472,445,532,608,560,480,285,386,238,245,501,292,383,524,507,421,258,428,315,321,479,438,470,446,463,520,238,523,443,423,500,560,527,515,533,549,540,394,579,553,593,566,680,458,501,561,585,536,689,705,475,508,690,606,490,508,600,587,388,562,618,517,587,499,359,414,299,304,264,221,346,318,440,403,403,496,440,465,423,504,441,470,553,369,455,559,448,583,671,361,451,426,506,470,569,513,325,491,474,541,586,515,385,423,422,518,322,354,540,431,467,500,533,459,357,588,500,462,597,514,560,578,603,476,457,570,666,812,471,634,506,503,621,681,433,478,726,454,757,713,640,652,680,711,711,635,711,564,484,494,795,712,429,758,856,703,611,740,676,769,786,726,531,675,784,805,498,271,753,670,647,783,678,725,713,506,412,458,574,428,606,466,379,667,502,634,624,594,566,513,563,646,668,574,599,640,674,848,616,239,543,599,666,620,650,604,723,637,623,705,357,439,388,522,549,656,685,653,631,570,728,654,629,709,808,826,805,930,831,919,900,835,919,942,1060,898,665,583,966,1051,983,1091,1080,1065,565,249,93,169,146,94,110,114,176,119,142,152,186,113,56,46,34,188,168,100,129,80,127)
