date <- c("20240101","20240102","20240103","20240104","20240105","20240106","20240107","20240108","20240109","20240110","20240111","20240112","20240113","20240114","20240115","20240116","20240117","20240118","20240119","20240120","20240121","20240122","20240123","20240124","20240125","20240126","20240127","20240128","20240129","20240130","20240131","20240201","20240202","20240203","20240204","20240205","20240206","20240207","20240208","20240209","20240210","20240211","20240212","20240213","20240214","20240215","20240216","20240217","20240218","20240219","20240220","20240221","20240222","20240223","20240224","20240225","20240226","20240228","20240229","20240301","20240302","20240303","20240304","20240305","20240306","20240307","20240308","20240309","20240310","20240311","20240312","20240313","20240314","20240315","20240316","20240317","20240318","20240319","20240320","20240321","20240322","20240323","20240324","20240325","20240326","20240327","20240328","20240329","20240330","20240331","20240401","20240402","20240403","20240404","20240405","20240406","20240407","20240408","20240409","20240410","20240411","20240412","20240413","20240414","20240415","20240416","20240417","20240418","20240419","20240420","20240421","20240422","20240423","20240424","20240425","20240426","20240427","20240428","20240429","20240430","20240501","20240502","20240503","20240504","20240505","20240506","20240507","20240508","20240509","20240510","20240511","20240512","20240513","20240514","20240515","20240516","20240517","20240518","20240519","20240520","20240521","20240522","20240523","20240524","20240525","20240526","20240527","20240528","20240529","20240530","20240531","20240601","20240602","20240603","20240604","20240605","20240606","20240607","20240608","20240609","20240610","20240611","20240612","20240613","20240614","20240615","20240616","20240617","20240618","20240619","20240620","20240621","20240622","20240623","20240624","20240625","20240626","20240627","20240628","20240629","20240630","20240701","20240702","20240703","20240704","20240705","20240706","20240707","20240708","20240709","20240710","20240711","20240712","20240713","20240714","20240715","20240716","20240717","20240718","20240719","20240720","20240721","20240722","20240723","20240724","20240725","20240726","20240727","20240728","20240729","20240730","20240731","20240801","20240802","20240803","20240804","20240805","20240806","20240807","20240808","20240809","20240810","20240811","20240812","20240813","20240814","20240815","20240816","20240817","20240818","20240819","20240820","20240821","20240822","20240823","20240824","20240825","20240826","20240827","20240828","20240829","20240830","20240831","20240901","20240902","20240903","20240904","20240905","20240906","20240907","20240908","20240909","20240910","20240911","20240912","20240913","20240914","20240915","20240916","20240917","20240918","20240919","20240920","20240921","20240922","20240923","20240924","20240925","20240926","20240927","20240928","20240929","20240930","20241001","20241002","20241003","20241004","20241005","20241006","20241007","20241008","20241009","20241010","20241011","20241012","20241013","20241014","20241015","20241016","20241017","20241018","20241019","20241020","20241021","20241022","20241023","20241024","20241025","20241026","20241027","20241028","20241029","20241030","20241031","20241101","20241102","20241103","20241104","20241105","20241106","20241107","20241108","20241109","20241110","20241111","20241112","20241113","20241114","20241115","20241116","20241117","20241118","20241119","20241120","20241121","20241122","20241123","20241124","20241125","20241126","20241127","20241128","20241129","20241130","20241201","20241202","20241203","20241204","20241205","20241206","20241207","20241208","20241209","20241210","20241211","20241212","20241213","20241214","20241215","20241216","20241217","20241218","20241219","20241220","20241221")
sleep <- c(-35,-60,-38,-92,-15,-45,-3,-1,-23,122,-10,7,27,32,142,-163,131,73,195,202,209,173,217,295,307,334,305,-87,2,128,245,72,341,295,469,452,523,650,601,646,418,523,519,499,635,451,543,611,803,680,608,685,725,688,714,884,762,-565,-416,-237,-268,-138,-320,-142,-178,-261,-275,-220,-150,-281,-343,-258,-225,-64,-216,-314,-45,-150,-21,-254,-200,-187,-148,-108,-109,-113,-81,-91,-92,-184,-127,-134,-134,-149,-61,-47,-120,-143,27,-12,-126,-95,-161,-146,-87,-178,-105,-174,-101,-108,-96,-158,-85,-152,-45,-111,2,-114,-99,-72,-171,-48,-60,-122,-66,-105,-85,-112,19,-72,-26,-72,-70,-106,-60,-128,-91,-78,-126,-167,-113,-159,-203,-103,-89,-73,-136,-60,-133,-106,-130,-59,-136,-118,-64,-154,-120,-8,-119,-126,-100,-165,-146,-131,-93,-93,-60,-14,4,-40,-64,28,-117,-61,-38,-202,-15,-183,-120,-158,-96,-106,-95,-95,-95,-75,-85,-115,-96,-60,-41,-15,11,-193,-93,-120,-165,-207,-145,-100,-161,-155,-206,-143,-138,-119,-38,-15,-98,-90,-98,-183,-145,-106,-181,-115,-120,-135,-158,-98,-20,-69,-67,105,41,-106,-98,140,-20,12,-21,-54,-11,-5,-143,-160,0,-44,-52,0,-21,-147,-120,-23,-140,-172,-49,-248,-132,-112,-241,-174,-113,53,-125,-107,-85,-46,-123,-65,-23,-137,33,-60,-16,35,-77,-188,-245,-81,-75,-118,-108,-95,-35,-203,-201,-155,-74,-146,-149,-58,-208,-106,-98,-120,9,-102,-79,-60,83,119,-90,-4,80,-17,-41,-55,-172,-77,-54,-478,21,5,4,30,498,197,-100,-122,-170,-37,10,62,-8,-163,-60,-95,-98,-102,-53,-74,-55,-165,-173,-113,-47,-117,-79,-102,-127,-178,-79,26,15,-66,7,52,-124,141,-111,281,366,364,252,-143,-55,-65,-54,46,104,179,144,159,118)
wake <- c(480,450,480,540,480,544,540,560,586,650,609,590,646,729,660,750,637,836,775,793,793,840,961,872,905,900,897,395,805,870,671,805,900,960,1075,921,1181,1030,1050,1010,1080,1035,1035,1140,1080,1080,1080,1170,1200,1145,1240,1200,1230,1231,1340,1290,1335,38,20,190,285,154,213,397,202,195,240,363,214,150,232,208,180,389,238,241,320,273,326,306,210,373,353,286,405,360,409,366,390,315,360,446,367,387,491,515,378,528,458,417,420,457,548,390,321,333,407,288,360,286,442,366,437,337,354,355,513,347,402,451,277,396,302,446,334,361,453,291,365,343,423,360,337,405,378,380,390,472,311,323,405,317,318,355,397,403,378,416,308,298,234,348,297,430,387,290,330,445,300,265,337,285,364,328,356,339,397,445,406,390,587,475,549,482,450,450,466,292,331,437,281,313,346,310,327,389,335,372,397,402,426,391,490,312,437,365,252,329,246,326,341,287,272,280,283,343,347,347,359,364,317,359,320,337,403,410,409,318,427,359,349,374,440,544,548,313,450,562,511,523,375,480,486,396,440,356,474,350,459,330,418,385,419,558,352,437,497,250,359,481,374,389,465,391,350,384,457,367,406,569,382,480,419,382,392,522,519,240,276,379,454,362,281,474,430,410,248,528,243,384,508,485,256,380,481,598,431,515,370,488,749,638,430,653,614,631,473,598,609,534,364,521,504,443,553,759,974,630,382,364,550,684,756,717,597,702,520,316,294,413,238,505,422,265,483,543,564,506,567,627,456,636,624,700,385,531,712,600,736,617,813,887,972,930,607,477,377,632,457,701,764,769,868,788,932)
