date <- c("20230401","20230402","20230403","20230404","20230405","20230406","20230407","20230408","20230409","20230410","20230411","20230412","20230413","20230414","20230415","20230416","20230417","20230418","20230419","20230420","20230421","20230422","20230423","20230424","20230425","20230426","20230427","20230428","20230429","20230430","20230501","20230502","20230503","20230504","20230505","20230506","20230507","20230508","20230509","20230510","20230511","20230512","20230513","20230514","20230515","20230516","20230517","20230518","20230519","20230520","20230521","20230522","20230523","20230524","20230525","20230526","20230527","20230528","20230529","20230530","20230531","20230601","20230602","20230603","20230604","20230605","20230606","20230607","20230608","20230609","20230610","20230611","20230612","20230613","20230614","20230615","20230616","20230617","20230618","20230619","20230620","20230621","20230622","20230623","20230624","20230625","20230626","20230627","20230628","20230629","20230630","20230701","20230702","20230703","20230704","20230705","20230706","20230707","20230708","20230709","20230710","20230711","20230712","20230713","20230714","20230715","20230716","20230717","20230718","20230719","20230720","20230721","20230722","20230723","20230724","20230725","20230726","20230727","20230728","20230729","20230730","20230731","20230801","20230802","20230803","20230804","20230805","20230806","20230807","20230808","20230809","20230810","20230811","20230812","20230813","20230814","20230815","20230816","20230817","20230818","20230819","20230820","20230821","20230822","20230823","20230824","20230825","20230826","20230827","20230828","20230829","20230830","20230831","20230901","20230902","20230903","20230904","20230905","20230906","20230907","20230908","20230909","20230910","20230911","20230912","20230913","20230914","20230915","20230916","20230917","20230918","20230919","20230920","20230921","20230922","20230923","20230924","20230925","20230926","20230927","20230928","20230929","20230930","20231001","20231002","20231003","20231004","20231005","20231006","20231007","20231008","20231009","20231010","20231011","20231012","20231013","20231014","20231015","20231016","20231017","20231018","20231019","20231020","20231021","20231022","20231023","20231024","20231025","20231026","20231027","20231028","20231029","20231030","20231031","20231101","20231102","20231103","20231104","20231105","20231106","20231107","20231108","20231109","20231110","20231111","20231112","20231113","20231114","20231115","20231116","20231117","20231118","20231119","20231120","20231121","20231122","20231123","20231124","20231125","20231126","20231127","20231128","20231129","20231130","20231201","20231202","20231203","20231205","20231206","20231207","20231208","20231209","20231210","20231211","20231212","20231213","20231214","20231215")
sleep <- c(103,178,462,162,179,309,210,106,307,278,147,247,263,150,253,347,340,273,320,240,70,230,68,374,471,423,-73,78,-41,3,71,459,302,365,159,94,-53,-91,74,120,133,70,-6,34,161,201,326,248,223,373,334,293,360,428,349,417,271,265,397,-112,114,50,55,23,226,110,77,325,310,248,136,258,318,268,305,317,192,290,328,322,364,246,344,350,368,245,470,517,407,1330,148,167,172,536,371,287,200,335,281,389,-73,128,200,280,127,193,275,330,317,311,427,51,178,363,373,88,358,405,274,189,412,293,334,365,377,401,726,431,607,445,660,534,591,440,499,479,572,565,544,590,529,561,565,575,562,605,605,575,620,430,155,-14,-579,-517,-433,-499,-458,-454,-183,-213,-362,-368,-326,-260,-332,-269,-275,-344,-361,-224,-197,-277,-222,-214,-218,-231,-302,-173,-173,-167,-201,180,-27,6,-192,-95,-24,-84,90,-151,-58,-34,90,128,55,13,8,-18,52,65,86,76,35,-139,120,-12,120,173,17,20,99,-88,-126,69,203,42,50,57,73,-78,15,313,182,44,44,342,138,116,217,267,365,267,369,420,256,300,511,504,275,166,583,369,336,387,430,500,605,-701,-376,-260,-350,-316,-190,-219,-262,-204,-105,-180)
wake <- c(450,705,860,680,768,737,790,810,855,712,576,870,769,860,820,854,865,907,830,660,655,630,780,832,927,900,240,441,490,450,783,780,885,840,750,540,510,480,660,690,660,540,666,690,660,750,810,788,790,842,780,780,840,900,830,870,785,785,840,390,420,420,600,720,720,720,723,830,782,660,720,810,720,840,782,780,720,840,840,840,840,840,842,930,900,840,900,900,732,300,456,540,685,940,840,815,800,780,840,841,544,823,730,810,810,870,870,840,870,810,790,420,870,930,870,680,840,880,840,890,970,870,940,960,975,1033,1080,1070,1080,1110,1100,1080,1080,1065,1042,1065,1098,1125,1065,1080,1140,1105,1080,1080,1095,1100,1140,1065,1065,1080,540,420,0,105,0,30,1410,0,180,120,120,120,140,145,200,170,170,180,255,210,210,275,225,277,300,240,225,275,276,356,378,585,560,420,325,440,522,436,530,520,600,620,625,700,675,600,690,680,700,705,690,585,440,695,660,745,750,780,728,780,840,325,650,780,720,752,690,807,660,660,690,802,425,856,928,880,825,900,900,930,925,995,961,900,930,1024,1125,1030,963,1030,1040,1050,1080,1080,1110,1140,1120,0,183,225,90,210,240,215,210,275,270,240)
sleeplong <- c(347,527,398,518,589,428,580,704,548,434,429,623,506,710,567,507,525,634,510,420,585,400,712,458,456,477,313,363,531,447,712,321,583,475,591,446,563,571,586,570,527,470,672,656,499,549,484,540,567,469,446,487,480,472,481,453,514,520,443,502,306,370,545,697,494,610,646,505,472,412,584,552,402,572,477,463,528,550,512,518,476,594,498,580,532,595,430,383,325,-1030,308,373,513,404,469,528,600,445,559,452,617,695,530,530,683,677,595,510,553,499,363,369,692,567,497,592,482,475,566,701,558,577,606,595,598,632,354,639,473,665,440,546,489,625,543,586,526,560,521,490,611,544,515,505,533,495,535,490,445,650,385,434,579,622,433,529,1868,454,363,333,482,488,466,405,532,439,445,524,616,434,407,552,447,491,518,471,527,448,449,523,579,405,587,414,517,535,546,520,440,671,658,654,535,572,620,587,682,698,648,640,604,509,405,834,540,757,630,607,711,760,741,413,776,711,517,710,640,750,587,738,675,489,243,812,884,538,687,784,683,663,560,728,592,480,674,724,614,526,688,864,457,681,744,693,680,640,515,701,559,485,440,526,430,434,472,479,375,420)
plot(c(1:258),sleep,type="b",pch=15,lty=1,col="red",xaxt="n",xlab = "date")
lines(c(1:258),wake,type="b",pch=17,lty=2,col="blue")
lines(c(1:258),sleeplong,type="b",pch=21,lty=2,col="green")
legend("topleft",inset=.05,title="睡眠曲线",c("睡","醒","时长"),lty=c(1,2,2),pch=c(15,17,21),col=c("red","blue","green"))
abline(h = 480)
axis(1, c(1:258),date)
