date <- c("20220101","20220102","20220103","20220104","20220105","20220106","20220107","20220108","20220109","20220110","20220111","20220112","20220113","20220114","20220115","20220116","20220117","20220118","20220119","20220120","20220121","20220122","20220123","20220124","20220125","20220126","20220127","20220128","20220129","20220130","20220131","20220201","20220202","20220203","20220204","20220205","20220206","20220207","20220208","20220209","20220210","20220211","20220212","20220213","20220214","20220216","20220217","20220218","20220219","20220220","20220221","20220222","20220223","20220224","20220225","20220226","20220227","20220228","20220301","20220302","20220303","20220304","20220305","20220306","20220307","20220308","20220309","20220310","20220311","20220312","20220313","20220314","20220315","20220316","20220317","20220318","20220319","20220320","20220321","20220322","20220323","20220324","20220325","20220326","20220327","20220328","20220329","20220330","20220331","20220401","20220402","20220403","20220404","20220405","20220407","20220408","20220409","20220410","20220411","20220412","20220413","20220414","20220415","20220416","20220417","20220418","20220419","20220420","20220421","20220422","20220423","20220424","20220425","20220426","20220427","20220428","20220429","20220430","20220501","20220502","20220503","20220504","20220505","20220506","20220507","20220508","20220509","20220510","20220511","20220512","20220513","20220514","20220515","20220516","20220517","20220518","20220519","20220520","20220521","20220522","20220523","20220524","20220525","20220526","20220527","20220528","20220529","20220530","20220531","20220601","20220602","20220603","20220604","20220605","20220606","20220607","20220608","20220609","20220610","20220611","20220612","20220613","20220614","20220615","20220616","20220617","20220618","20220619","20220620","20220621","20220622","20220623","20220624","20220625","20220626","20220627","20220628","20220629","20220630","20220701","20220702","20220703","20220704","20220705","20220706","20220707","20220708","20220709","20220710","20220711","20220712","20220713","20220714","20220715","20220716","20220717","20220718","20220719","20220720","20220721","20220722","20220723","20220724","20220725","20220726","20220727","20220728","20220729","20220730","20220731","20220801","20220802","20220803","20220804","20220805","20220806","20220807","20220808","20220809","20220810","20220811","20220812","20220813","20220814","20220815","20220816","20220817","20220818","20220819","20220820","20220821","20220822","20220823","20220824","20220825","20220826","20220827","20220828","20220829","20220830","20220831","20220901","20220902","20220903","20220904","20220905","20220906","20220907","20220908","20220909","20220910","20220911","20220912","20220913","20220914","20220915","20220916","20220917","20220918","20220919","20220920","20220921","20220922","20220923","20220924","20220925","20220926","20220927","20220928","20220929","20220930","20221001","20221002")
sleep <- c(371,155,161,-221,-403,61,65,97,117,157,8,180,215,130,265,202,276,212,264,379,271,538,283,156,-138,89,311,99,254,382,172,661,264,424,527,681,635,759,633,688,789,727,796,694,799,1044,-381,-355,-222,-285,-105,785,69,5,-5,68,8,74,172,176,84,200,85,121,161,210,308,246,260,268,352,395,581,474,574,484,584,408,602,464,648,536,626,571,682,643,702,845,875,910,50,90,-266,-524,-344,-409,-259,-276,-189,-91,-335,-218,-3,-109,-60,3,1,126,99,-92,142,148,197,246,150,148,115,78,77,163,381,507,300,504,288,538,448,504,487,285,585,495,167,-140,-144,148,68,-21,298,292,625,282,279,478,461,459,264,445,-66,280,-132,317,114,30,276,327,301,304,258,370,594,397,427,251,-98,8,110,183,109,313,247,47,208,338,222,509,45,61,189,184,257,305,175,217,355,458,519,599,415,535,400,740,305,352,-106,74,408,840,788,599,752,624,636,702,534,715,179,574,717,804,979,143,472,699,780,636,580,469,536,694,643,627,688,708,614,763,939,814,1012,262,838,914,-9,-356,-398,-199,-561,-574,-334,-390,-394,-373,-328,-98,-261,-312,-190,-256,-12,-40,15,-66,-60,0,-160,-33,-95,44,2912,38,45,135,81,243,219,79,343,235,305,235,244,114,-38)
wake <- c(795,815,538,285,617,682,657,720,716,714,765,686,800,868,835,827,875,867,870,966,975,977,850,502,234,779,663,740,972,781,935,1077,811,1011,1094,1104,1163,1111,1124,1124,1239,1154,1216,1248,1311,42,127,118,202,280,297,356,525,433,504,502,442,573,578,612,658,582,578,639,697,742,784,687,759,797,805,888,995,959,1025,926,949,952,1093,1011,1048,985,1062,1090,1035,1074,1161,1174,1346,1271,347,481,70,1286,124,19,105,171,192,263,181,292,321,318,344,474,417,482,450,528,598,586,585,660,586,540,580,550,633,671,694,930,806,840,822,900,885,856,926,871,892,909,703,594,159,496,657,230,588,650,985,730,732,873,835,866,526,885,89,575,125,813,564,648,744,840,804,640,754,859,970,935,913,655,150,441,389,513,525,793,527,293,808,622,917,840,296,302,544,831,793,813,424,589,859,892,895,961,1014,913,977,1037,874,891,328,290,869,1177,1081,1118,1106,1059,1061,1131,1091,1015,546,984,1154,1144,1230,603,870,1157,1058,1099,943,996,979,1146,1080,897,1037,1163,1089,1228,1221,1248,1341,446,1184,1261,155,55,143,97,1317,1384,70,1414,15,1438,114,265,158,193,180,275,391,414,390,345,459,405,225,444,492,403,503,488,503,611,580,711,642,661,671,723,722,710,660,392,408)
sleeplong <- c(424,660,377,506,1020,621,592,623,599,557,757,506,585,738,570,625,599,655,606,587,704,439,567,346,372,690,352,641,718,399,763,416,547,587,567,423,528,352,491,436,450,427,420,554,512,-1002,508,473,424,565,402,-429,456,428,509,434,434,499,406,436,574,382,493,518,536,532,476,441,499,529,453,493,414,485,451,442,365,544,491,547,400,449,436,519,353,431,459,329,471,361,297,391,336,1810,468,428,364,447,381,354,516,510,324,427,404,471,416,356,351,620,456,438,388,414,436,392,465,472,556,508,313,423,506,336,534,362,437,352,439,586,307,414,536,734,303,348,589,251,290,358,360,448,453,395,374,407,262,440,155,295,257,496,450,618,468,513,503,336,496,489,376,538,486,404,248,433,279,330,416,480,280,246,600,284,695,331,251,241,355,647,536,508,249,372,504,434,376,362,599,378,577,297,569,539,434,216,461,337,293,519,354,435,425,429,557,300,367,410,437,340,251,460,398,458,278,463,363,527,443,452,437,270,349,455,475,465,282,434,329,184,346,347,164,411,541,296,1878,1958,404,1804,409,1811,442,363,419,505,370,531,403,454,375,411,519,405,385,477,587,359,-2409,450,458,476,499,468,423,582,328,488,417,475,416,278,446)
plot(c(1:273),sleep,type="b",pch=15,lty=1,col="red",xaxt="n",xlab = "date")
lines(c(1:273),wake,type="b",pch=17,lty=2,col="blue")
lines(c(1:273),sleeplong,type="b",pch=21,lty=2,col="green")
legend("topleft",inset=.05,title="睡眠曲线",c("睡","醒","时长"),lty=c(1,2,2),pch=c(15,17,21),col=c("red","blue","green"))
abline(h = 480)
axis(1, c(1:273),date)
