date <- c("20190401","20190402","20190403","20190404","20190405","20190406","20190407","20190408","20190409","20190410","20190411","20190412","20190413","20190414","20190415","20190416","20190417","20190418","20190419","20190420","20190421","20190422","20190423","20190424","20190425","20190426","20190427","20190428","20190429","20190430","20190501","20190502","20190503","20190504","20190505","20190506","20190507","20190508","20190509","20190510","20190511","20190512","20190513","20190514","20190515","20190516","20190517","20190518","20190519","20190520","20190522","20190523","20190524","20190525","20190526","20190527","20190528","20190529","20190530","20190531","20190601","20190606","20190607","20190608","20190609","20190610","20190611","20190612","20190613","20190614","20190616","20190617","20190618","20190619","20190620","20190621","20190622","20190623","20190624","20190625","20190626","20190627","20190628","20190629","20190701","20190702","20190703","20190704","20190705","20190706","20190707","20190708","20190709","20190710","20190711","20190712","20190713","20190714","20190715","20190716","20190717","20190718","20190719","20190720","20190721","20190722","20190723","20190724","20190725","20190726","20190727","20190728","20190729","20190730","20190731","20190801","20190802","20190803","20190804","20190805","20190806","20190807","20190810","20190811","20190812","20190814","20190815","20190816","20190817","20190818")
sleep <- c(1437,70,211,330,189,336,325,366,259,485,552,371,465,538,546,687,786,844,753,333,218,-350,-104,-5,30,136,65,163,148,56,270,296,316,222,575,285,582,151,357,-36,155,280,247,384,593,530,782,969,841,780,-488,-230,229,1260,-66,159,121,28,213,218,199,265,127,278,157,157,276,304,493,439,450,397,713,633,659,620,865,369,131,1420,20,-20,253,-91,-452,-14,-300,58,-35,-71,-23,28,54,-25,127,15,4,85,150,45,115,224,-240,133,97,146,269,330,260,466,406,506,654,420,662,804,671,210,207,616,886,862,-405,454,850,253,220,443,1,297)
wake <- c(270,610,760,790,790,920,955,975,600,855,1115,925,940,1010,1185,1170,1175,1380,1130,500,450,215,305,355,375,415,465,535,595,660,620,785,785,805,885,875,915,860,690,410,835,575,885,960,1050,1060,1155,1275,1305,1335,75,285,475,270,285,400,400,405,455,475,445,635,515,600,660,720,680,890,855,810,895,915,1145,1065,1115,1120,1235,715,300,261,220,255,485,270,245,335,165,310,235,245,240,393,440,355,470,380,410,530,595,360,515,605,515,585,585,635,750,760,820,870,840,1055,1025,1025,1200,1170,1090,550,551,1130,1230,1280,70,1020,1170,495,495,720,240,240)
sleeplong <- c(-1167,540,549,460,601,584,630,609,341,370,563,554,475,472,639,483,389,536,377,167,232,565,409,360,345,279,400,372,447,604,350,489,469,583,310,590,333,709,333,446,680,295,638,576,457,530,373,306,464,555,563,515,246,-990,351,241,279,377,242,257,246,370,388,322,503,563,404,586,362,371,445,518,432,432,456,500,370,346,169,-1159,200,275,232,361,697,349,465,252,270,316,263,365,386,380,343,365,406,445,445,315,400,381,755,452,488,489,481,430,560,404,434,549,371,605,538,366,419,340,344,514,344,418,475,566,320,242,275,277,239,-57)
plot(c(1:130),sleep,type="b",pch=15,lty=1,col="red",xaxt="n",xlab = "date")
lines(c(1:130),wake,type="b",pch=17,lty=2,col="blue")
lines(c(1:130),sleeplong,type="b",pch=21,lty=2,col="green")
legend("topleft",inset=.05,title="睡眠曲线",c("睡","醒","时长"),lty=c(1,2,2),pch=c(15,17,21),col=c("red","blue","green"))
axis(1, c(1:130),date)
