date <- c("20211001","20211002","20211003","20211004","20211005","20211006","20211007","20211008","20211009","20211010","20211011","20211012","20211013","20211014","20211015","20211016","20211017","20211018","20211019","20211020","20211021","20211022","20211024","20211025","20211026","20211027","20211028","20211029","20211030","20211031","20211101","20211103","20211104","20211105","20211106","20211107","20211108","20211109","20211110","20211111","20211112","20211113","20211114","20211115","20211116","20211117","20211118","20211119","20211120","20211121","20211122","20211123","20211124","20211125","20211126","20211127","20211128","20211129","20211130","20211201","20211202","20211203","20211204","20211205","20211206","20211207","20211208","20211209","20211210","20211211","20211212","20211213","20211215","20211216","20211217","20211218","20211219","20211220","20211221","20211222","20211223","20211224","20211225","20211226","20211227","20211228","20211229","20211230","20211231","20220101","20220102","20220103","20220104","20220105","20220106","20220107","20220108","20220109","20220110","20220111","20220112","20220113","20220114","20220115","20220116","20220117","20220118","20220119","20220120","20220121","20220122","20220123","20220124","20220125","20220126","20220127","20220128","20220129","20220130","20220131")
sleep <- c(-107,-145,-71,-175,-153,-37,-28,24,113,20,-45,33,-34,207,60,391,458,597,722,603,515,664,-572,75,592,12,-300,-277,141,-216,648,-532,-103,1267,-60,1236,1296,1374,1327,1280,1384,18,2,41,-63,-6,39,0,99,330,211,185,236,315,153,2791,249,42,234,353,429,503,510,561,766,573,533,641,646,596,896,860,-490,-480,-317,-246,-316,142,44,-120,-36,-75,-90,84,-95,133,45,309,478,371,155,161,-221,-403,61,65,97,117,157,8,180,215,130,265,202,276,212,264,379,271,538,283,156,-138,89,311,99,254,382,172)
wake <- c(79,119,100,67,92,168,187,275,235,235,235,235,222,655,680,862,1042,990,1189,1170,1100,1150,1342,402,1030,244,58,168,481,129,1002,29,230,235,300,295,339,412,495,413,543,474,598,553,562,644,612,375,815,874,753,756,803,813,629,819,630,542,914,865,941,1041,1011,1067,1074,1061,1048,1070,1143,1160,1317,1306,1406,141,100,195,304,577,419,322,428,468,479,578,509,622,612,855,853,795,815,538,285,617,682,657,720,716,714,765,686,800,868,835,827,875,867,870,966,975,977,850,502,234,779,663,740,972,781,935)
sleeplong <- c(186,264,171,242,245,205,215,251,122,215,280,202,256,448,620,471,584,393,467,567,585,486,1914,327,438,232,358,445,340,345,354,561,333,-1032,360,-941,-957,-962,-832,-867,-841,456,596,512,625,650,573,375,716,544,542,571,567,498,476,-1972,381,500,680,512,512,538,501,506,308,488,515,429,497,564,421,446,1896,621,417,441,620,435,375,442,464,543,569,494,604,489,567,546,375,424,660,377,506,1020,621,592,623,599,557,757,506,585,738,570,625,599,655,606,587,704,439,567,346,372,690,352,641,718,399,763)
plot(c(1:120),sleep,type="b",pch=15,lty=1,col="red",xaxt="n",xlab = "date")
lines(c(1:120),wake,type="b",pch=17,lty=2,col="blue")
lines(c(1:120),sleeplong,type="b",pch=21,lty=2,col="green")
legend("topleft",inset=.05,title="睡眠曲线",c("睡","醒","时长"),lty=c(1,2,2),pch=c(15,17,21),col=c("red","blue","green"))
abline(h = 480)
axis(1, c(1:120),date)
