date <- c("20220101","20220102","20220103","20220104","20220105","20220106","20220107","20220108","20220109","20220110","20220111","20220112","20220113","20220114","20220115","20220116","20220117","20220118","20220119","20220120","20220121","20220122","20220123","20220124","20220125","20220126","20220127","20220128","20220129","20220130","20220131","20220201","20220202","20220203","20220204","20220205","20220206","20220207","20220208","20220209","20220210","20220211","20220212","20220213","20220214","20220216","20220217","20220218","20220219","20220220","20220221","20220222","20220223","20220224","20220225","20220226","20220227","20220228","20220301","20220302","20220303","20220304","20220305","20220306","20220307","20220308","20220309","20220310","20220311","20220312","20220313","20220314","20220315","20220316","20220317","20220318","20220319","20220320","20220321","20220322","20220323","20220324","20220325","20220326","20220327","20220328","20220329","20220330","20220331","20220401","20220402","20220403","20220404","20220405","20220407","20220408","20220409","20220410","20220411","20220412","20220413","20220414","20220415","20220416","20220417","20220418","20220419","20220420","20220421","20220422","20220423","20220424","20220425","20220426","20220427","20220428","20220429","20220430","20220501","20220502","20220503","20220504","20220505","20220506","20220507","20220508","20220509","20220510","20220511","20220512","20220513","20220514","20220515","20220516","20220517")
weight1 <- c(59.8,60,60,59.6,60.3,60.4,60.3,60.2,60.6,60.3,60.1,60.1,59.9,60.4,60,59.2,59.4,60.1,59.7,59,59.6,60.1,59.9,59.5,60.3,59.2,59.3,59.4,59.3,59.3,59.3,59.6,59.6,59.7,59.9,59.3,59.5,59.4,59.7,59.6,59,59.8,60.2,59.8,59.6,59.5,60,59.9,59.5,60.1,59.3,59.8,60.1,60.2,60.1,60.8,60.2,60.1,59.9,59.5,59.5,58.8,58.7,59.5,59.4,59.3,59.9,59.8,59.8,59.3,59.1,59.7,59.9,60.1,59.3,59.6,59.9,59.9,60.1,59.8,59.7,59.6,59.1,59.3,59.7,60.1,60,59,58.9,59.8,58.6,58.4,58.4,58.9,58.5,58.7,58.7,59.4,59.3,59.9,59.4,59.5,59.5,59.2,58.8,59.4,59.3,58.8,58.7,59.5,59.5,59.9,59.3,59.8,58.8,59,58.9,59,59.1,58.9,59.1,59.2,59.4,58.9,59.5,58.9,59.4,59.9,59.2,60.1,59.6,59.8,59,58.5,58.6)
weight2 <- c(59.2,59.3,59.5,59,58.8,59.5,59.5,59.4,59.6,59.3,59,59.1,59.2,59.2,59.2,58.6,58.9,59.4,58.9,58.6,58.8,59.5,59.4,59.1,59.4,58.5,58.9,58.7,58.5,58.8,58.3,59,59,59,59.1,58.8,58.7,59,59.1,59,58.6,59.2,59.5,59.1,58.9,58.9,59.1,59.1,58.8,59.2,58.7,59.2,59.3,59.6,59.4,59.8,59.6,59.5,59.2,59,58.7,58.3,58.2,58.8,58.8,58.5,58.9,59,58.9,58.7,58.7,59,59,59.1,58.7,59,59.2,59.1,59,58.9,59.2,59.1,58.5,58.8,59.2,59.5,58.8,58.7,58.4,58.8,58.1,58,58.1,58.6,57.9,58,58.3,58.6,58.8,58.7,58.7,58.7,58.8,58.6,58.4,58.5,58.7,58.4,58.4,58.9,58.6,58.9,58.7,58.6,58.2,58.5,58.3,58.5,58.3,58.3,58.5,58.7,58.7,58.5,58.4,58.4,58.6,59.1,58.6,59,58.7,58.9,58.2,57.4,58.1)
plot(c(1:135),weight1,type="b",pch=15,lty=1,col="red",xaxt="n",xlab = "date",ylim=range(56.9:61.3))
lines(c(1:135),weight2,type="b",pch=17,lty=2,col="blue")
legend("topleft",inset=.05,title="体重曲线",c("睡前","醒后"),lty=c(1,2),pch=c(15,17),col=c("red","blue"))
axis(1, c(1:135),date)
