date <- c("20210101","20210102","20210103","20210104","20210105","20210106","20210107","20210108","20210109","20210110","20210111","20210112","20210113","20210114","20210115","20210116","20210117","20210118","20210119","20210120","20210121","20210122","20210123","20210124","20210125","20210127","20210128","20210129","20210130","20210131","20210201","20210202","20210203","20210204","20210205","20210206","20210207","20210208","20210209","20210210","20210211","20210212","20210213","20210214","20210215","20210216","20210217","20210218","20210219","20210220","20210221","20210222","20210223","20210224","20210225","20210226","20210227","20210228","20210301","20210302","20210303","20210304","20210305","20210306","20210307","20210308","20210309","20210310","20210311","20210312","20210313","20210314","20210316","20210317","20210319","20210320","20210321","20210322","20210323","20210324","20210325","20210326","20210327","20210328","20210329","20210330","20210331","20210401","20210402","20210403","20210404","20210405","20210406","20210407","20210408","20210409","20210410","20210411","20210412","20210413","20210414","20210415","20210416","20210417","20210418","20210419","20210420","20210421","20210422","20210423","20210424","20210425","20210426","20210427","20210428","20210429","20210430","20210501","20210502","20210503","20210504","20210505","20210506","20210507","20210508","20210509","20210510","20210511","20210512","20210513","20210514","20210515","20210516","20210517","20210518","20210519","20210520","20210521","20210522","20210523","20210524","20210525","20210526","20210527","20210528","20210529","20210530","20210601","20210602","20210603","20210604","20210605","20210606","20210607","20210608","20210609","20210610","20210611","20210612","20210613","20210614","20210615","20210616","20210617","20210618","20210619","20210620","20210621","20210622","20210623","20210624","20210625","20210626","20210627")
weight1 <- c(59.5,60.6,60.2,60.3,59.9,60.2,60.5,61,60.8,60.6,60.5,61.2,60.5,60.5,60.4,60.9,60.2,60.5,60.6,60.7,59.4,60.3,59.5,60.3,59.6,59.8,59.9,59.5,59.6,59.4,60,59.7,60.4,60.8,60.8,60.2,60.4,60.5,60.1,60.1,60.6,60.1,60.6,60.4,60.1,59.6,60.1,60.1,60.1,60.1,61.1,61,61.6,60.8,60.8,60.4,61.1,61.3,61.4,61.6,60.9,60.8,61,60.7,60.7,60.4,60.2,59.9,60.4,60.8,60.6,60.9,60.6,60.3,60.3,60.5,59.9,59.8,59.8,59.8,59.8,59.8,61.2,61.3,61.2,60.9,60.7,60.6,60.3,60.4,59.4,59.9,59.8,59.4,60.1,60,60.3,60.5,60.9,59.9,59.8,60.2,60,60.6,60.4,60.5,60.6,60.4,60.2,60.8,60.7,61.1,61.5,60.1,60.7,61.2,61.3,60.1,60.4,59.9,60.4,60.7,61,60.5,60.8,60.9,60.3,59.9,60,60.8,60.7,60.6,59.9,59.7,59.6,61.3,60.2,60.3,60.1,60.8,61.1,61.5,60.6,60.8,61,60.3,60.8,60.1,59.9,61,59.8,60.5,59.9,60.5,60.2,61.1,61.4,61.3,61.6,62,61.8,61.7,61.5,61.5,61.6,61.4,61.5,60.7,61,61,61,60.8,61.3,61.2)
weight2 <- c(59,59.9,59.4,59.7,59.5,59.5,59.5,60.2,59.5,59.8,59.7,60,59.9,59.8,59.7,60.1,59.4,58.9,59.5,59.8,58.8,59.6,58.6,59.5,58.9,59,59.1,58.8,58.6,58.8,59.1,59,59.8,59.9,59.7,59.4,59.9,59.5,59.6,59.7,59.9,59.5,60.1,59.7,59.5,59,59.3,59.5,59.7,59.4,60.1,60.1,60.4,60,60.2,59.9,60.5,60.8,60.9,60.7,60.5,60.3,60.4,60.2,60,60,59.6,59.4,60,60.1,60.2,60.4,59.9,59.6,59.8,59.9,59.4,59.4,59.4,59.4,59.4,59.4,60.4,60.4,60.4,60.1,60.1,59.9,59.9,59.7,58.9,59.4,59.3,59,59.5,59.2,59.3,59.7,59.9,59.1,59.4,59.4,59.3,59.7,59.6,59.9,59.8,59.9,59.9,59.9,59.9,60.4,60.2,59.4,59.9,59.9,60.1,59.6,59.6,59.3,59.9,59.9,60.2,59.8,60,60,59.6,59.3,59.5,59.9,60,59.6,59.2,59,59.1,60,59.2,59.6,59.1,59.7,59.9,59.8,59.8,59.9,60.1,59.8,59.6,59.1,59.1,60,59.2,59.4,59.4,59.3,59.5,60.1,60.1,60.5,60.5,61.1,61.1,61,60.9,60.6,60.9,60.9,60.6,60.5,60.5,60.5,60.5,59.9,60.1,60.2)
plot(c(1:174),weight1,type="b",pch=15,lty=1,col="red",xaxt="n",xlab = "date",ylim=range(58.1:62.5))
lines(c(1:174),weight2,type="b",pch=17,lty=2,col="blue")
legend("topleft",inset=.05,title="体重曲线",c("睡前","醒后"),lty=c(1,2),pch=c(15,17),col=c("red","blue"))
axis(1, c(1:174),date)
