date <- c("20230101","20230102","20230103","20230104","20230105","20230106","20230107","20230108","20230109","20230110","20230111","20230112","20230113","20230114","20230115","20230116","20230117","20230118","20230119","20230120","20230121","20230122","20230123","20230124","20230125","20230126","20230127","20230128","20230129","20230130","20230131","20230201","20230202","20230203","20230204","20230205","20230206","20230207","20230208","20230209","20230210","20230211","20230212","20230213","20230214","20230215","20230216","20230217","20230218","20230219","20230220","20230221","20230222","20230223","20230224","20230225","20230226","20230227","20230228","20230301","20230302","20230303","20230304","20230305","20230306","20230307","20230308","20230309","20230310","20230311","20230312","20230313","20230314","20230315","20230316","20230317","20230318","20230319","20230320","20230321","20230322","20230323","20230324","20230325","20230326","20230327","20230328","20230329","20230330","20230331","20230401","20230402","20230403","20230404","20230405","20230406","20230407","20230408","20230409","20230410","20230411","20230412","20230413","20230414","20230415","20230416","20230417","20230418","20230419","20230420","20230421","20230422","20230423","20230424","20230425","20230426","20230427","20230428","20230429","20230430","20230501","20230502","20230503","20230504","20230505","20230506","20230507","20230508","20230509","20230510","20230511","20230512","20230513","20230514","20230515","20230516","20230517","20230518","20230519","20230520","20230521","20230522","20230523","20230524","20230525","20230526","20230527","20230528","20230529","20230530","20230531","20230601","20230602","20230603","20230604","20230605","20230606","20230607","20230608","20230609","20230610","20230611","20230612","20230613","20230614","20230615","20230616","20230617","20230618","20230619","20230620","20230621","20230622","20230623","20230624","20230625","20230626","20230627","20230628","20230629","20230630","20230701","20230702","20230703","20230704","20230705","20230706","20230707","20230708","20230709","20230710","20230711","20230712","20230713","20230714","20230715","20230716","20230717","20230718","20230719","20230720","20230721","20230722","20230723","20230724","20230725","20230726","20230727","20230728","20230729","20230730","20230731","20230801","20230802","20230803","20230804","20230805","20230806","20230807","20230808","20230809","20230810","20230811","20230812","20230813","20230814","20230815","20230816","20230817","20230818","20230819","20230820","20230821","20230822","20230823","20230824","20230825","20230826","20230827","20230828","20230829","20230830","20230831","20230901","20230902","20230903","20230904","20230905","20230906","20230907","20230908","20230909","20230910","20230911","20230912","20230913","20230914","20230915","20230916","20230917","20230918","20230919","20230920","20230921","20230922","20230923","20230924","20230925","20230926","20230927","20230928","20230929","20230930","20231001","20231002","20231003","20231004","20231005","20231006","20231007","20231008","20231009","20231010","20231011","20231012","20231013","20231014","20231015","20231016","20231017","20231018","20231019","20231020","20231021","20231022","20231023","20231024","20231025","20231026","20231027","20231028","20231029","20231030","20231031","20231101","20231102","20231103","20231104","20231105","20231106","20231107","20231108","20231109","20231110","20231111","20231112","20231113","20231114","20231115","20231116","20231117","20231118","20231119","20231120","20231121","20231122","20231123","20231124","20231125","20231126","20231127","20231128","20231129","20231130","20231201","20231202","20231203","20231205","20231206","20231207","20231208","20231209","20231210","20231211","20231212","20231213","20231214","20231215","20231216","20231217","20231218","20231219","20231220","20231221","20231222","20231223","20231224","20231225","20231226","20231227","20231228","20231229","20231230","20231231","20240101","20240102","20240103","20240104","20240105","20240106","20240107","20240108","20240109","20240110","20240111","20240112","20240113","20240114","20240115","20240116","20240117","20240118","20240119","20240120","20240121","20240122","20240123","20240124")
weight1 <- c(59.9,59.7,59.8,59.8,59.2,59,59.7,59.2,59.7,59.6,59.4,60.4,59.5,59.9,60.4,59.5,59.7,60.4,60.6,59.8,60.3,59.6,60.2,59.7,60.1,59.9,59.8,60.2,59.5,60.1,59.7,60.1,60.9,60.2,60.3,60.5,60.8,60.9,61.1,61.2,61,61.2,61.7,61.5,62,61.7,61.4,60.8,61.3,60.7,61.1,61.5,61.5,60.9,61,61.1,61.4,61.5,61.9,61.4,62.5,61.6,61.6,61.8,61.8,61.3,61.5,61.7,61.2,61.3,61.6,61.7,61.1,61,60.8,60.9,61.2,61.2,61.2,61.1,61.3,61.4,61.3,61.2,61,61.1,61.3,61.6,61,61.2,62,60.7,61.7,61.2,61.2,61,60.9,61.3,61,60.8,60.7,60.8,60.6,60.6,60.5,60.4,60.6,60.7,60.5,59.7,60,59.7,59.8,59.7,59.3,59.6,59.7,58.9,59,59.3,59.5,59.4,59.3,59.3,59.4,59.3,59.4,59.1,58.6,59.5,59.4,59.3,59,59,58.7,58.9,59,59.4,59.8,59.3,59.3,59.4,58.9,59,58.8,58.4,58.7,58.6,58.4,58.4,58.1,58,58.2,58.4,58.2,58.2,58,58.1,57.9,57.6,57.5,57.6,57.7,57.7,57.6,57.6,57.8,57.7,57.3,57.5,57.5,57.6,57.4,57,57.1,57.1,57,56.7,56.8,57.3,56.6,56.2,56.9,56,56.2,56,56.3,55.7,55.8,55.9,56.3,55.3,56,55.3,55.5,55.2,55.6,55.4,55.1,55.3,55.2,55.5,55.2,55.4,55.6,55.2,55.3,55.2,55.4,55.4,55.3,55.3,55,55.2,55.1,55,55,54.8,54.6,54.7,54.9,55,54.9,54.9,55.1,55.4,54.8,54.7,54.6,54.6,54.8,54.9,54.9,54.6,54.5,54.4,54.6,54.6,54.8,54.9,54.6,54.9,55.2,55,54.7,54.6,54.6,54.7,54.4,54.9,54.9,54.8,54.6,53.8,54.2,54,54,54.1,54,53.8,53.7,54.6,53.9,53.4,53.9,53.6,53.9,53.4,53.7,53.4,53.8,53.2,53.3,53,53.5,53.3,53.2,53,52.7,52.3,53,52.7,52.8,52.7,52.3,52.8,53,53,52.7,52.8,52.5,52.8,52.5,52.4,52.2,52.8,52.6,52.3,52.4,52.6,52.4,52.9,52.4,51.9,51.8,52.3,52,51.7,52.2,52,51.8,50.9,51,50.8,51.2,51.1,51.5,51.3,51.3,51.1,51,51.3,51.2,51.2,51.3,50.9,51.3,50.9,51.5,51.1,51.1,51.6,51.6,51.3,51.2,51.2,51.4,51.8,51.7,51.9,52.7,52.5,52.2,52.5,52.7,52.2,52.9,52.7,52.6,52.9,53.5,52.8,52.7,53.1,52,52.1,52.6,52.9,52.3,52.2,52,52.3,52.4,52.9,52.2,52,52,52.2,52.3,52.4,52.3,52.1,52.1,52.9,52.9,52.2,52.3,53.7,52.9,53.4,52.7,52.6,52.7,52.6,52.4,52.5,53.1,52.7)
