date <- c("20230531","20230601","20230602","20230603","20230604","20230605","20230606","20230607","20230608","20230609","20230610","20230611","20230612","20230613","20230614","20230615","20230616","20230617","20230618","20230619","20230620","20230621","20230622","20230623","20230624","20230625","20230626","20230627","20230628","20230629","20230630","20230701","20230702","20230703","20230704","20230705","20230706","20230707","20230708","20230709","20230710","20230711","20230712","20230713","20230714","20230715","20230716","20230717","20230718","20230719","20230720","20230721","20230722","20230723","20230724","20230725","20230726","20230727","20230728","20230729","20230730","20230731","20230801","20230802","20230803","20230804","20230805","20230806","20230807","20230808","20230809","20230810","20230811","20230812","20230813","20230814","20230815","20230816","20230817","20230818","20230819","20230820","20230821","20230822","20230823","20230824","20230825","20230826","20230827","20230828","20230829","20230830","20230831","20230901","20230902","20230903","20230904","20230905","20230906","20230907","20230908","20230909","20230910","20230911","20230912","20230913","20230914","20230915","20230916","20230917","20230918","20230919","20230920","20230921","20230922","20230923","20230924","20230925","20230926","20230927","20230928","20230929","20230930","20231001","20231002","20231003","20231004","20231005","20231006","20231007","20231008","20231009","20231010","20231011","20231012","20231013","20231014","20231015")
weight1 <- c(58.1,58,58.2,58.4,58.2,58.2,58,58.1,57.9,57.6,57.5,57.6,57.7,57.7,57.6,57.6,57.8,57.7,57.3,57.5,57.5,57.6,57.4,57,57.1,57.1,57,56.7,56.8,57.3,56.6,56.2,56.9,56,56.2,56,56.3,55.7,55.8,55.9,56.3,55.3,56,55.3,55.5,55.2,55.6,55.4,55.1,55.3,55.2,55.5,55.2,55.4,55.6,55.2,55.3,55.2,55.4,55.4,55.3,55.3,55,55.2,55.1,55,55,54.8,54.6,54.7,54.9,55,54.9,54.9,55.1,55.4,54.8,54.7,54.6,54.6,54.8,54.9,54.9,54.6,54.5,54.4,54.6,54.6,54.8,54.9,54.6,54.9,55.2,55,54.7,54.6,54.6,54.7,54.4,54.9,54.9,54.8,54.6,53.8,54.2,54,54,54.1,54,53.8,53.7,54.6,53.9,53.4,53.9,53.6,53.9,53.4,53.7,53.4,53.8,53.2,53.3,53,53.5,53.3,53.2,53,52.7,52.3,53,52.7,52.8,52.7,52.3,52.8,53,53)
weight2 <- c(57.5,57.5,57.1,57.2,57.5,57.1,56.9,56.9,57.1,57,56.6,56.7,56.9,56.7,56.8,56.9,56.8,56.6,56.4,56.5,56.6,56.5,56.6,56,56,55.9,56.2,56.1,56.4,56.1,56.1,55.8,55.8,55.5,55.5,55.3,55.3,55,55,55.1,54.7,54.4,54.9,54.8,54.3,54.3,54.7,54.6,54.5,54.6,54.6,54.8,54.3,54.3,54.8,54.4,54.4,54.5,54.4,54.3,54.4,54.2,54.1,54.2,54,54.1,54.2,54,54.1,53.6,54.2,54,54.1,54.1,54,54.1,54.1,53.9,54,54,54,54,53.8,53.7,53.6,53.6,53.5,53.5,53.9,53.9,53.6,53.5,53.4,53.4,53.7,53.8,53.8,53.7,53.8,54,54.2,53.7,53.5,53.4,53.4,53.2,53.3,53.3,53.1,53.2,53.2,53.6,53.2,52.7,53.1,52.7,53.3,52.7,52.6,52.3,52.7,52.7,52.3,52.5,52.3,52.4,52.2,52.1,52.1,51.5,51.8,51.8,51.9,51.8,51.6,51.8,51.7,51.7)
plot(c(1:138),weight1,type="b",pch=15,lty=1,col="red",xaxt="n",xlab = "date",ylim=range(51:58.9))
lines(c(1:138),weight2,type="b",pch=17,lty=2,col="blue")
legend("topleft",inset=.05,title="体重曲线",c("睡前","醒后"),lty=c(1,2),pch=c(15,17),col=c("red","blue"))
axis(1, c(1:138),date)
