date <- c("20240101","20240102","20240103","20240104","20240105","20240106","20240107","20240108","20240109","20240110","20240111","20240112","20240113","20240114","20240115","20240116","20240117","20240118","20240119","20240120","20240121","20240122","20240123","20240124","20240125","20240126","20240127","20240128","20240129","20240130","20240131","20240201","20240202","20240203","20240204","20240205","20240206","20240207","20240208","20240209","20240210","20240211","20240212","20240213","20240214","20240215","20240216","20240217","20240218","20240219","20240220","20240221","20240222","20240223","20240224","20240225","20240226","20240228","20240229","20240301","20240302","20240303","20240304","20240305","20240306","20240307","20240308","20240309","20240310","20240311","20240312","20240313","20240314","20240315","20240316","20240317","20240318","20240319","20240320","20240321","20240322","20240323","20240324","20240325","20240326","20240327","20240328","20240329","20240330","20240331")
weight1 <- c(52.2,52,52,52.2,52.3,52.4,52.3,52.1,52.1,52.9,52.9,52.2,52.3,53.7,52.9,53.4,52.7,52.6,52.7,52.6,52.4,52.5,53.1,52.7,52.6,52.8,53,53.2,52.9,52.6,52.8,53,52.7,52.1,52.9,52.2,52.3,52.9,52,51.8,52.4,52.3,52.2,52.3,52.5,52.9,52.3,51.9,52.5,52.4,52.2,52.4,52.1,52.2,52.6,52.5,52.3,52.6,52.6,52.7,52.5,52.4,52.8,52.4,53.1,53.1,53,52.7,53.3,52.8,52.7,52.2,52.2,52.2,52.2,52.1,51.7,52,51.2,52.3,52.1,51.3,52.1,51.6,52,51.8,52.2,52.1,52,52.3)
weight2 <- c(51.4,51,51.2,51.1,51.4,50.8,51.4,51.3,50.9,52.2,51.7,51.1,51.3,51.3,51.5,50.5,51.5,51,51.3,51.3,51.5,51.3,51.4,51.7,51.5,51.6,51.6,51.4,51.4,51.1,51.7,51.5,51.5,51.1,51.3,51.6,50.7,51.8,51.4,51.3,51.2,51.4,51.5,51.2,51.8,51.7,51.5,51,51.7,51.6,51.3,51.4,51.3,51.4,51.2,51.9,51.3,51.2,51.6,51.8,51.3,51.8,51.4,51.2,51.9,51.9,51.8,51.5,52.3,52,51.6,51.3,51.5,51.4,51.3,51.1,51.2,51.2,50.8,50.9,51.4,50.5,51.4,51,51.1,51.1,51.3,51.3,51.2,51.4)
energy <- c(1999.026,2000.455,1999.334,1998.915,1990.884,2269.863,1996.331,2000.460,3153.442,2005.303,2002.783,2001.467,2000.054,2000.889,1412.725,1992.997,1995.662,2007.839,2004.432,1982.020,1981.004,1990.419,1982.030,1978.158,1887.264,1889.807,1322.207,1878.585,1669.401,1893.604,1883.354,1900.504,1805.540,1897.894,1894.466,1910.944,1892.072,1892.289,1899.379,1914.790,1900.786,1904.762,1899.779,1900.641,1903.275,1902.796,1895.663,1899.546,1896.953,1896.876,1888.477,1889.019,1881.314,1890.522,1893.916,1901.635,1900.447,1888.387,1900.120,1827.912,1850.050,1850.829,1848.745,2484.992,1819.246,1859.069,1842.442,1847.437,1852.103,1846.996,1847.888,1844.344,1842.057,1847.296,1844.749,2215.290,1854.029,1850.611,1851.789,1849.747,1843.544,2330.022,1826.776,1865.642,1843.305,1851.920,1846.869,1855.440,1902.518,1849.705)
opar <- par(mar = c(5,4,4,5))
plot(c(1:90),weight1,type="s",col="red",xaxt="n",xlab = "date",ylab = "weight(kg)",ylim=range(50:54.2))
lines(c(1:90),weight2,type="s",col="blue")
legend("topright",inset=.05,title="体重曲线",c("睡前","醒后(辅助线:50.5~51.5)","热量"),lty=c(1,1,1),col=c("red","blue","green"))
abline(h = 51.5,col="blue",lty = 3)
abline(h = 50.5,col="blue",lty = 3)
axis(1, c(1:90),date)
par(new = TRUE)
plot(c(1:90), energy,type="s", pch = "+", col = "green", axes = FALSE, xlab = "", ylab = "")
axis(side = 4, at = pretty(range(energy)))
mtext("energy(kcal)", side = 4, line = 3)