date <- c("20211001","20211002","20211003","20211004","20211005","20211006","20211007","20211008","20211009","20211010","20211011","20211012","20211013","20211014","20211015","20211016","20211017","20211018","20211019","20211020","20211021","20211022","20211024","20211025","20211026","20211027","20211028","20211029","20211030","20211031","20211101","20211103","20211104","20211105","20211106","20211107","20211108","20211109","20211110","20211111","20211112","20211113","20211114","20211115","20211116","20211117","20211118","20211119","20211120","20211121","20211122","20211123","20211124","20211125","20211126","20211127","20211128","20211129","20211130","20211201","20211202","20211203","20211204","20211205","20211206","20211207","20211208","20211209","20211210","20211211","20211212","20211213","20211215","20211216","20211217","20211218","20211219","20211220","20211221","20211222","20211223","20211224","20211225","20211226","20211227","20211228","20211229","20211230","20211231","20220101","20220102","20220103","20220104","20220105","20220106","20220107","20220108","20220109","20220110","20220111","20220112","20220113","20220114","20220115","20220116","20220117","20220118","20220119","20220120","20220121","20220122","20220123","20220124","20220125","20220126","20220127","20220128","20220129","20220130","20220131","20220201","20220202","20220203","20220204","20220205","20220206","20220207","20220208","20220209","20220210","20220211","20220212","20220213","20220214","20220216","20220217","20220218","20220219","20220220","20220221","20220222","20220223","20220224","20220225","20220226","20220227","20220228","20220301","20220302","20220303","20220304","20220305","20220306","20220307","20220308","20220309","20220310","20220311","20220312","20220313","20220314","20220315","20220316","20220317","20220318","20220319","20220320","20220321","20220322","20220323","20220324","20220325","20220326","20220327","20220328","20220329","20220330","20220331","20220401","20220402","20220403","20220404","20220405","20220407","20220408")
weight1 <- c(62.4,62.3,61.6,61.6,62.1,61.3,61.9,61.6,62,61.3,62.1,61.8,61.7,61.6,61.9,61.3,61.8,61.6,61.5,61.9,61.1,62.1,62,61.8,61.4,61.9,62,62.6,61.7,62.1,62.1,62,62,62,62.5,61.8,61.8,61.3,61.3,61.2,61.6,62.1,61.9,61.3,61.3,61.4,61,60.6,61,60.9,61.6,61.4,60.6,61.2,61.3,61.5,60.8,61.3,60.6,61,61.1,60.4,61,61.1,60.7,61.1,60.8,60.7,60.9,61.2,60.7,60.6,61.3,61.3,61.4,61.1,61,60.9,60.7,60.7,60.3,60.4,60.5,61.3,60.8,60.6,60.6,60.3,60.5,59.8,60,60,59.6,60.3,60.4,60.3,60.2,60.6,60.3,60.1,60.1,59.9,60.4,60,59.2,59.4,60.1,59.7,59,59.6,60.1,59.9,59.5,60.3,59.2,59.3,59.4,59.3,59.3,59.3,59.6,59.6,59.7,59.9,59.3,59.5,59.4,59.7,59.6,59,59.8,60.2,59.8,59.6,59.5,60,59.9,59.5,60.1,59.3,59.8,60.1,60.2,60.1,60.8,60.2,60.1,59.9,59.5,59.5,58.8,58.7,59.5,59.4,59.3,59.9,59.8,59.8,59.3,59.1,59.7,59.9,60.1,59.3,59.6,59.9,59.9,60.1,59.8,59.7,59.6,59.1,59.3,59.7,60.1,60,59,58.9,59.8,58.6,58.4,58.4,58.9,58.5,58.7)
weight2 <- c(61.9,61.6,61.3,61.3,61.1,61,61.1,61.3,61.5,60.9,61.1,61.1,61.3,61.2,61.1,61,61.1,61.2,61.2,61,60.6,61.6,61.5,61.2,61.1,60.9,61.3,61.4,61.1,61.5,61.4,61.1,61.3,61.4,61.5,61.5,61.2,60.6,60.6,60.7,60.8,61.5,61.2,60.7,60.6,60.6,60.5,60.3,60.1,60.3,60.8,60.7,60,60.8,60.7,60.8,60.5,60.7,60.1,60.4,60.5,59.9,60.4,60.5,60.4,60.5,60.2,60.1,60.3,60.2,60.2,60.1,60.6,60.2,60.6,60.5,60.2,60.2,60.1,60.1,59.8,59.8,59.8,60.6,59.9,59.8,59.6,59.7,59.9,59.2,59.3,59.5,59,58.8,59.5,59.5,59.4,59.6,59.3,59,59.1,59.2,59.2,59.2,58.6,58.9,59.4,58.9,58.6,58.8,59.5,59.4,59.1,59.4,58.5,58.9,58.7,58.5,58.8,58.3,59,59,59,59.1,58.8,58.7,59,59.1,59,58.6,59.2,59.5,59.1,58.9,58.9,59.1,59.1,58.8,59.2,58.7,59.2,59.3,59.6,59.4,59.8,59.6,59.5,59.2,59,58.7,58.3,58.2,58.8,58.8,58.5,58.9,59,58.9,58.7,58.7,59,59,59.1,58.7,59,59.2,59.1,59,58.9,59.2,59.1,58.5,58.8,59.2,59.5,58.8,58.7,58.4,58.8,58.1,58,58.1,58.6,57.9,58)
plot(c(1:185),weight1,type="b",pch=15,lty=1,col="red",xaxt="n",xlab = "date",ylim=range(57.4:63.1))
lines(c(1:185),weight2,type="b",pch=17,lty=2,col="blue")
legend("topleft",inset=.05,title="体重曲线",c("睡前","醒后"),lty=c(1,2),pch=c(15,17),col=c("red","blue"))
axis(1, c(1:185),date)
