date <- c("20240101","20240102","20240103","20240104","20240105","20240106","20240107","20240108","20240109","20240110","20240111","20240112","20240113","20240114","20240115","20240116","20240117","20240118","20240119","20240120","20240121","20240122","20240123","20240124","20240125","20240126","20240127","20240128","20240129","20240130","20240131","20240201","20240202","20240203","20240204","20240205","20240206","20240207","20240208","20240209","20240210","20240211","20240212","20240213","20240214","20240215","20240216","20240217","20240218","20240219","20240220","20240221","20240222","20240223","20240224","20240225","20240226","20240228","20240229","20240301","20240302","20240303","20240304","20240305","20240306","20240307","20240308","20240309","20240310","20240311","20240312","20240313","20240314","20240315","20240316","20240317","20240318","20240319","20240320","20240321","20240322","20240323","20240324","20240325","20240326","20240327","20240328","20240329","20240330","20240331","20240401","20240402","20240403","20240404","20240405","20240406","20240407","20240408","20240409","20240410","20240411","20240412","20240413","20240414","20240415","20240416","20240417","20240418","20240419","20240420","20240421","20240422","20240423","20240424","20240425","20240426","20240427","20240428","20240429","20240430","20240501","20240502","20240503","20240504","20240505","20240506","20240507","20240508","20240509","20240510","20240511","20240512","20240513","20240514","20240515","20240516","20240517","20240518","20240519","20240520","20240521","20240522","20240523","20240524","20240525","20240526","20240527","20240528","20240529","20240530","20240531","20240601","20240602","20240603","20240604","20240605","20240606","20240607","20240608","20240609","20240610","20240611","20240612","20240613","20240614","20240615","20240616","20240617","20240618","20240619","20240620","20240621","20240622","20240623","20240624","20240625","20240626","20240627","20240628","20240629","20240630","20240701","20240702","20240703","20240704","20240705","20240706","20240707","20240708","20240709","20240710","20240711","20240712","20240713","20240714","20240715","20240716","20240717","20240718","20240719","20240720","20240721","20240722","20240723","20240724","20240725","20240726","20240727","20240728","20240729","20240730","20240731","20240801","20240802","20240803","20240804","20240805","20240806","20240807","20240808","20240809","20240810","20240811","20240812","20240813","20240814","20240815","20240816","20240817","20240818","20240819","20240820","20240821","20240822","20240823","20240824","20240825","20240826","20240827","20240828","20240829","20240830","20240831","20240901","20240902","20240903","20240904","20240905","20240906","20240907","20240908","20240909","20240910","20240911","20240912","20240913","20240914","20240915","20240916","20240917","20240918","20240919","20240920","20240921","20240922","20240923","20240924","20240925","20240926","20240927","20240928","20240929","20240930","20241001","20241002","20241003","20241004","20241005","20241006","20241007","20241008","20241009","20241010","20241011","20241012","20241013","20241014","20241015","20241016","20241017","20241018","20241019","20241020","20241021","20241022","20241023","20241024","20241025","20241026","20241027","20241028","20241029","20241030","20241031","20241101","20241102","20241103","20241104","20241105","20241106","20241107","20241108","20241109","20241110","20241111","20241112","20241113","20241114","20241115","20241116","20241117","20241118","20241119","20241120","20241121","20241122","20241123","20241124","20241125","20241126","20241127","20241128","20241129","20241130","20241201","20241202","20241203","20241204","20241205","20241206","20241207","20241208","20241209","20241210","20241211","20241212","20241213","20241214","20241215","20241216","20241217","20241218","20241219","20241220","20241221")
weight1 <- c(52.2,52,52,52.2,52.3,52.4,52.3,52.1,52.1,52.9,52.9,52.2,52.3,53.7,52.9,53.4,52.7,52.6,52.7,52.6,52.4,52.5,53.1,52.7,52.6,52.8,53,53.2,52.9,52.6,52.8,53,52.7,52.1,52.9,52.2,52.3,52.9,52,51.8,52.4,52.3,52.2,52.3,52.5,52.9,52.3,51.9,52.5,52.4,52.2,52.4,52.1,52.2,52.6,52.5,52.3,52.6,52.6,52.7,52.5,52.4,52.8,52.4,53.1,53.1,53,52.7,53.3,52.8,52.7,52.2,52.2,52.2,52.2,52.1,51.7,52,51.2,52.3,52.1,51.3,52.1,51.6,52,51.8,52.2,52.1,52,52.3,52.1,52.1,52.2,52.2,52.1,52.2,52.7,52.2,52,51.8,52.2,52.2,52.2,52.1,52.4,52.6,51.8,51.8,51.8,51.8,52.5,52.7,52,52.4,51.8,52.3,52.1,52.2,52.1,52.1,52.3,51.9,51.9,52.2,52,51.9,51.8,52.1,51.7,52.3,51.9,52.1,52.2,52.1,52.1,52.7,52.2,52.4,52.2,52.2,52,52.7,52.5,52.6,52.2,52.2,52.7,51.8,52.2,51.8,51.5,52.2,51.5,51.7,51.4,51.8,51.7,51.6,51.8,51.9,51.9,51.8,51.8,51.8,51.7,52.1,51.9,52.1,51.6,51.6,51.6,52.4,52.4,51.6,51.8,52.3,52,52.4,51.7,51.8,52.2,52,51.5,51.6,51.5,51.6,51.7,52.2,52.1,52.1,51.6,51.1,51.7,51.5,51.7,51.6,51.9,52.1,51.9,51.6,52.1,52.4,52.4,51.9,51.9,51.8,51.5,51.2,51.2,51.2,51.4,51.8,51.7,51.5,52,51.6,51.8,51.4,51.6,51.3,51.1,51.1,51,51.6,51.1,51,51.2,50.2,50.8,50.9,50.6,51.1,51.1,51.4,51.4,51,50.8,50.8,51.3,50.7,50.1,51.5,51.4,51.8,51.7,51.6,52,51.9,51.4,51.7,52.6,51.9,51.1,51.3,51.6,51.1,51.4,51,51.5,51.5,51.7,51.6,52.2,52,51.9,51.9,51.9,52,52.3,51.5,51.8,52.4,52,51.8,52.5,52.1,52.2,52.2,52.3,52.3,51.9,52.6,52.8,52.5,52.1,53,52.8,52.9,52.7,52.4,52.2,52.3,53.1,52.6,52.2,52.3,52.6,52.8,52.8,52.9,52.8,53.2,53,53.2,52.7,52.1,51.7,52.5,52.6,53.3,52.7,52.2,52.5,52.9,52.4,52.5,52.5,52.7,52.6,52.5,52.1,52.2,52.1,52.9,52.9,53,53,53.2,53,53.2,53.6,52.7,52.7,52.6,53.3,53,53,53.5,52.9,52.8,53,52.8,52.9,52.8,52.7,53.2,52.5,52.8,52.8,52.3,52.5,52.8,53.1,53.1,52.6)
weight2 <- c(51.4,51,51.2,51.1,51.4,50.8,51.4,51.3,50.9,52.2,51.7,51.1,51.3,51.3,51.5,50.5,51.5,51,51.3,51.3,51.5,51.3,51.4,51.7,51.5,51.6,51.6,51.4,51.4,51.1,51.7,51.5,51.5,51.1,51.3,51.6,50.7,51.8,51.4,51.3,51.2,51.4,51.5,51.2,51.8,51.7,51.5,51,51.7,51.6,51.3,51.4,51.3,51.4,51.2,51.9,51.3,51.2,51.6,51.8,51.3,51.8,51.4,51.2,51.9,51.9,51.8,51.5,52.3,52,51.6,51.3,51.5,51.4,51.3,51.1,51.2,51.2,50.8,50.9,51.4,50.5,51.4,51,51.1,51.1,51.3,51.3,51.2,51.4,51.3,51,51.3,51.3,51.4,51.2,51.6,51.2,51.1,51.2,51.3,51.1,50.9,51,51.2,51,50.9,51,50.9,50.7,51.5,51.4,51,51.3,51.3,51.6,51.3,51.2,51.4,51.1,51.3,51.2,51.4,51.3,51.4,51,51,51.3,51.2,51.6,51.4,51.4,51.5,51.4,51.6,51.7,51.3,51.2,51.2,51.4,51.2,51.4,51.5,51.5,51.3,51.3,51.6,51,51.2,51,50.7,51.4,50.8,50.8,50.8,51,51.2,51.1,51,51.4,51,50.8,50.8,50.8,50.7,51.1,50.7,51.4,50.8,50.6,50.2,51.7,50.8,50.7,50.8,50.5,51.2,51.1,50.8,50.4,51.4,51.2,50.8,50.8,50.7,50.6,50.9,51.2,51.2,51.1,50.9,50.7,50.6,50.4,50.5,50.7,50.7,50.6,50.9,50.8,50.6,51.2,50.9,50.9,50.9,50.6,50.8,50.6,50.5,50.4,50.5,50.6,50.5,50.4,50.2,50.4,50.7,50.2,50.1,50.2,50.2,50.1,50,50.7,50.2,50.1,50,49.6,49.8,50,50,49.9,50.1,50.5,50,49.7,50.1,49.8,50.1,50,49.7,50,50.1,50.6,50.3,50.1,50.9,50.6,50.4,50.3,50.4,50.5,50.3,50.6,50.6,50.5,50.5,50.5,50.4,50.4,50.7,50.4,51.4,51.1,51.1,51.2,50.9,50.8,51,50.9,51,51.2,51.2,51,51.3,50.3,50.6,50.6,51.6,51.4,50.9,51.8,51.9,51.7,51.5,51.4,51.9,51.8,51.9,51.6,51.3,51.5,51.7,51.6,51.5,51.5,51.8,51.8,51.1,51.4,51.7,51,52,52.3,51.7,50.6,51.2,51.7,51.5,51.8,51.4,51.3,51.5,51.8,51.5,50.8,51.2,51.7,51.8,51.5,51.6,51.4,51.5,51.8,51.7,51.9,52.1,52.1,51.9,51.7,51.5,51.4,51.5,51.3,52.4,52.2,51.8,52.4,51.5,52,51.3,51.9,52.1,51.9,52.2,51.5,51.9,51.7,51.8,51.6,51.5,52.1,52,52,51.6)
