date <- c("20240401","20240402","20240403","20240404","20240405","20240406","20240407","20240408","20240409","20240410","20240411","20240412","20240413","20240414","20240415","20240416","20240417","20240418","20240419","20240420","20240421","20240422","20240423","20240424","20240425","20240426","20240427","20240428","20240429","20240430","20240501","20240502","20240503","20240504","20240505","20240506","20240507","20240508","20240509","20240510","20240511","20240512","20240513","20240514","20240515","20240516","20240517","20240518","20240519","20240520","20240521","20240522","20240523","20240524","20240525","20240526","20240527","20240528","20240529","20240530","20240531","20240601","20240602","20240603","20240604","20240605","20240606","20240607","20240608","20240609","20240610","20240611","20240612","20240613","20240614","20240615","20240616","20240617","20240618","20240619","20240620","20240621","20240622","20240623","20240624","20240625","20240626","20240627","20240628","20240629","20240630")
weight1 <- c(52.1,52.1,52.2,52.2,52.1,52.2,52.7,52.2,52,51.8,52.2,52.2,52.2,52.1,52.4,52.6,51.8,51.8,51.8,51.8,52.5,52.7,52,52.4,51.8,52.3,52.1,52.2,52.1,52.1,52.3,51.9,51.9,52.2,52,51.9,51.8,52.1,51.7,52.3,51.9,52.1,52.2,52.1,52.1,52.7,52.2,52.4,52.2,52.2,52,52.7,52.5,52.6,52.2,52.2,52.7,51.8,52.2,51.8,51.5,52.2,51.5,51.7,51.4,51.8,51.7,51.6,51.8,51.9,51.9,51.8,51.8,51.8,51.7,52.1,51.9,52.1,51.6,51.6,51.6,52.4,52.4,51.6,51.8,52.3,52,52.4,51.7,51.8,52.2)
weight2 <- c(51.3,51,51.3,51.3,51.4,51.2,51.6,51.2,51.1,51.2,51.3,51.1,50.9,51,51.2,51,50.9,51,50.9,50.7,51.5,51.4,51,51.3,51.3,51.6,51.3,51.2,51.4,51.1,51.3,51.2,51.4,51.3,51.4,51,51,51.3,51.2,51.6,51.4,51.4,51.5,51.4,51.6,51.7,51.3,51.2,51.2,51.4,51.2,51.4,51.5,51.5,51.3,51.3,51.6,51,51.2,51,50.7,51.4,50.8,50.8,50.8,51,51.2,51.1,51,51.4,51,50.8,50.8,50.8,50.7,51.1,50.7,51.4,50.8,50.6,50.2,51.7,50.8,50.7,50.8,50.5,51.2,51.1,50.8,50.4,51.4)
energy <- c(1845.614,1851.723,1847.565,1854.921,1845.991,1833.583,1839.225,1841.148,1850.410,1849.070,1849.812,1924.647,1851.700,1845.158,1846.021,1849.519,1844.588,1851.124,1850.280,3457.473,1779.723,1849.492,1851.995,1850.803,1850.947,1839.186,1837.125,1850.315,1848.734,1850.254,1862.936,1843.540,1849.903,1844.180,1845.540,1848.927,1849.776,1851.669,1852.051,1852.110,1859.184,1838.014,1847.108,1845.549,1817.219,1812.350,1803.882,1811.325,1825.055,1825.567,1825.037,1821.174,1821.027,1825.017,1841.027,3227.010,1825.779,1835.972,1854.933,1828.872,2855.740,1818.138,1817.060,1813.326,1821.139,1815.121,1824.489,1830.321,1829.255,1840.982,1832.869,1807.599,1825.849,1825.277,1829.155,1828.094,2710.559,1790.468,1826.310,2128.040,1815.677,1824.454,1814.682,1888.805,1820.132,2456.146,1809.342,1818.269,1822.477,2424.904,1815.108)
opar <- par(mar = c(5,4,4,5))
plot(c(1:91),weight1,type="s",col="red",xaxt="n",xlab = "date",ylab = "weight(kg)",ylim=range(49.7:53.2))
lines(c(1:91),weight2,type="s",col="blue")
legend("topright",inset=.05,title="体重曲线",c("睡前","醒后(辅助线:50.5~51.5)","热量"),lty=c(1,1,1),col=c("red","blue","green"))
abline(h = 51.5,col="blue",lty = 3)
abline(h = 50.5,col="blue",lty = 3)
axis(1, c(1:91),date)
par(new = TRUE)
plot(c(1:91), energy,type="s", pch = "+", col = "green", axes = FALSE, xlab = "", ylab = "")
axis(side = 4, at = pretty(range(energy)))
mtext("energy(kcal)", side = 4, line = 3)