date <- c("20250101","20250102","20250103","20250104","20250105","20250106","20250107","20250109","20250110","20250111","20250112","20250113","20250114","20250115","20250116","20250117","20250118","20250119","20250120","20250121","20250122","20250123","20250124","20250125","20250126","20250127","20250128","20250129","20250130","20250131","20250201","20250202","20250203","20250204","20250205","20250206","20250207","20250208","20250209","20250210","20250211","20250212","20250213","20250214","20250215","20250216","20250217","20250218","20250219","20250220","20250221","20250222","20250223","20250224","20250225","20250226","20250227","20250228","20250301","20250302","20250303","20250304","20250305","20250306","20250307","20250308","20250309","20250310","20250311","20250312","20250313","20250314","20250315","20250316","20250317","20250318","20250319","20250320","20250321","20250322","20250323","20250324","20250325","20250326","20250327","20250328","20250329","20250330","20250331","20250401","20250402","20250403","20250404","20250405","20250406","20250407","20250408","20250409","20250410","20250411","20250412","20250413","20250414","20250415","20250416","20250417","20250418","20250419","20250420","20250421","20250422","20250423","20250424","20250425","20250426","20250427","20250428","20250429","20250430","20250501","20250502","20250503","20250504","20250505","20250506","20250507","20250508","20250509","20250510","20250511","20250512","20250513","20250514","20250515","20250516","20250517","20250518","20250519","20250520","20250521","20250522","20250523","20250524","20250525","20250526","20250527","20250528","20250529","20250530","20250531","20250601","20250602","20250603","20250604","20250605","20250606","20250607","20250608","20250609","20250610","20250611","20250612","20250613","20250614","20250615","20250616","20250617","20250618","20250619","20250620","20250621","20250622","20250623","20250624","20250625","20250626","20250627","20250628","20250629","20250630","20250701","20250702","20250703","20250704","20250705","20250706","20250707","20250708","20250709","20250710","20250711","20250712","20250713","20250714","20250715","20250716","20250717","20250718","20250719","20250720","20250721","20250722","20250723","20250724","20250725","20250726","20250727","20250728","20250729","20250730","20250731","20250801","20250802","20250803","20250804","20250805","20250806","20250807","20250808","20250809","20250810","20250811","20250812","20250813","20250814","20250815","20250816","20250817","20250818","20250819","20250820","20250821","20250822","20250823","20250824","20250825","20250826","20250827","20250828","20250829","20250830","20250831","20250901","20250902","20250903","20250904","20250905","20250906","20250907","20250908","20250909","20250910","20250911","20250912","20250913","20250914","20250915","20250916","20250917","20250918","20250919","20250920","20250921","20250922","20250923","20250924","20250925","20250926","20250927","20250928","20250929","20250930","20251001","20251002","20251003","20251004","20251005","20251006","20251007","20251008","20251009","20251010","20251011","20251012","20251013","20251014","20251015","20251016","20251017","20251018","20251019","20251020","20251021","20251022","20251023","20251024","20251025","20251026","20251027","20251028","20251029","20251030","20251031","20251101","20251102","20251103","20251104","20251105","20251106","20251107","20251108","20251109","20251110","20251111","20251112","20251113","20251114","20251115","20251116","20251117","20251118","20251119","20251120","20251121","20251122","20251123","20251124","20251125","20251126","20251127","20251128","20251129","20251130","20251201","20251202","20251203","20251204","20251205","20251206","20251207","20251208","20251209","20251210","20251211","20251212","20251213","20251214","20251215","20251216","20251217","20251218","20251219","20251220","20251221","20251222","20251223","20251224","20251225","20251226","20251227","20251228","20251229","20251230","20251231")
weight1 <- c(53,52.9,53,53,53.3,52.8,53.5,52.6,53.5,53.2,54.4,54.1,53.8,54,53.7,52.7,54,54,54,54,54,53.5,53.8,53.5,54,53.4,53.9,53.6,53.9,53.8,53.9,54.3,53.2,53.5,53.5,53.8,53.5,53.4,53.4,52.8,53.4,53.5,53.5,53.7,54.4,54.5,53.7,53.8,53.2,53.9,53.8,54.2,54.2,53.9,53.5,53.9,54.1,54,54.7,54.3,54.1,54.5,54.6,54.7,54.9,54.7,54.8,54.6,55.2,54.2,55,54.4,55,54.5,54.2,54.1,54.3,54,54.1,54,54.1,54.3,54.4,54.3,54.3,54.1,53.6,53.8,53.8,53.5,53.8,53.9,54.2,54.4,55.5,54.6,54.9,54.3,53.8,53.7,54.1,54.4,53.7,54.2,54.2,54.3,54.2,54,54,54.3,54.4,54.5,54.2,54.2,54.3,54.4,54.7,54.6,54.6,54.5,54.4,54.7,54.6,55.1,54.5,54.3,54.2,53.4,53.9,54.4,54.3,54,54.2,54.1,53.9,54.2,54.2,54.5,54.3,55.1,55,54.6,54.4,53.9,53.9,53.8,54,54.3,53.7,53.8,53.7,53.8,53.9,54.2,53.9,54.5,54.6,54.1,54.2,54.4,54.4,54,54,53.8,54.3,54.3,54.2,54.5,54.3,53.8,54.1,54.5,54.2,54.2,54.9,54.7,54.3,54,55.1,54.4,54.1,54.2,54.3,54,53.9,54.1,54.6,54.5,53.7,53.8,53.8,53.9,54,54.5,54.3,54.8,54.3,54.1,54.2,54.1,54.2,54.2,54.3,54.2,54.2,53.8,54.2,54.1,53.7,54.1,54.2,54,53.7,54.3,54.2,54.5,54.6,54.2,54.3,54.3,54.1,54.5,54,54.1,53.9,53.5,53.9,53.6,53.8,54,54.2,54.2,53.8,53.7,54.2,54,53.8,54,54.5,53.8,53.8,54.1,53.7,54,54,54,53.9,53.5,54.1,54.2,54,53.5,53.9,53.8,53.6,53.7,53.6,53.7,53.8,53.8,53.7,54.4,53.8,54.1,54.6,54.1,53.5,53.6,53.6,54.1,53.3,54,54,54.6,54.6,54,54,54.2,54.6,55.7,54.5,54.3,55.1,54.3,54.3,55.2,54.2,54.6,54.2,54.6,53.9,54.8,54.7,54.8,54.4,54.6,54.8,55.4,55.1,55.2,55.2,55,54.9,55,56,55.9,55.5,55,54.8,55,54.7,55.6,55.1,54.9,54.9,54.7,54.8,54.6,55.1,55,54.3,54.5,54.3,54.5,54.5,54.6,55.3,54.7,54.6,54.8,54.4,54.9,54.9,54.7,55.2,56.1,54.7,55,54.8,55.7,55.2,54.9,55.7,55.3,55.1,54.9,55.1,54.7,54.7,55.3,55.2,54.5,54.5,55.2,55.3,55.3,56.1,55.1,54.7,54.3,54.3,54.4,55,55.7)
weight2 <- c(52.3,52.3,52.5,51.7,52.8,52.3,51.9,51.8,52.3,52.3,53.3,53.1,52.9,53.2,53,52.7,52.7,52.7,52.7,52.7,52.7,52.4,52.9,53,52.7,52.5,52.7,52.7,53.2,52.7,53,53,52.4,52.9,52.9,52.8,52.8,52.4,52.5,52.5,52.5,52.9,52.7,53.3,53.2,53,53.1,53.3,52.9,53.2,53,53,53.2,53.2,52.5,53.1,53.2,53.3,53.1,53.3,53.2,53,53.4,53.8,53.8,53.5,53.7,53.7,53.1,53.6,53.2,53.8,53.3,53.6,53.6,53.2,53.5,52.9,53.3,52.9,53.3,53.3,52.7,53.1,52.7,52.6,52.7,53.5,53.1,53,53.4,53.3,53.8,53.6,54.7,54,54,53.5,53.4,53.2,53.4,53.5,53.3,53.7,52.4,53,52.9,53,53.7,53.7,53.4,53.7,53.5,53.4,53.4,53.9,53.9,53.7,53.9,53.8,53.7,53.5,53.9,54,53.4,53.5,53.5,53.1,53.1,53.7,53.6,53.2,53.7,53.3,53.1,53,53.4,53.4,52.9,54.1,53.6,53.4,53.7,53,52.6,52.3,53.1,53.3,53.2,52.6,52.8,52.7,52.8,53.6,53.1,53.7,53,53.3,53.2,53,53.4,53.5,52.9,52.9,53.6,53.3,52.8,53.9,53.4,53.2,53.1,53.9,53.4,53.5,54,53.6,53.5,53.3,54.3,53.6,53.5,53.5,53.3,52.8,53.1,53.3,53.8,52.7,53.2,52.5,52.7,52.8,53.4,53.5,53.1,53.8,53.6,52.9,53,53.6,53.6,53.6,53.3,53.6,53.7,52.9,53.4,53.3,53.1,53.5,53.4,52.9,53,53.5,53.4,52.9,53.5,53.4,53.3,53.3,53.7,53.7,53.1,53.3,52.8,53.1,52.9,53.1,53.3,53.1,52.9,53.5,53.4,52.4,53.6,53.1,53.2,53.5,53.7,53.2,52.8,53.3,53.3,53.1,53.6,53.6,53.5,52.8,53.7,53.3,52.9,52.9,53,53,53,53.1,52.9,52.9,53.3,53,53.2,52.8,53.3,53.8,53.6,52.8,53.1,52.9,52.8,53.1,52.9,53.1,53.4,53.2,53.2,52.9,53.3,53.2,53.2,53.4,53.3,53.4,53.2,53.8,53.9,53.5,53.8,53.8,53.9,53.7,53.4,53.6,53.8,54,53.6,54,54,54.7,54.2,53.8,54.5,54.1,54.1,53.3,55.2,54.4,54,54.2,54.1,54.5,54.2,54.7,54.3,53.8,54.1,54,53.9,53.8,54.5,54.1,53.5,53.6,53.7,53.7,53.5,53.8,54,53.8,53.8,53.7,53.7,54.1,54.2,54.3,53.7,54.6,54.2,54.2,53.9,55,54.3,53.5,54.6,54.1,53.7,53.3,53.7,54,53.8,53.9,53.9,53.5,53.7,54.1,54.1,54.1,54.9,54.2,53.5,53.5,53.5,53.8,53.9,54.5)
