date <- c("20220101","20220102","20220103","20220104","20220105","20220106","20220107","20220108","20220109","20220110","20220111","20220112","20220113","20220114","20220115","20220116","20220117","20220118","20220119","20220120","20220121","20220122","20220123","20220124","20220125","20220126","20220127","20220128","20220129","20220130","20220131","20220201","20220202","20220203","20220204","20220205","20220206","20220207","20220208","20220209","20220210","20220211","20220212","20220213","20220214","20220216","20220217","20220218","20220219","20220220","20220221","20220222","20220223","20220224","20220225","20220226","20220227","20220228","20220301","20220302","20220303","20220304","20220305","20220306","20220307","20220308","20220309","20220310","20220311","20220312","20220313","20220314","20220315","20220316","20220317","20220318","20220319","20220320","20220321","20220322","20220323","20220324","20220325","20220326","20220327","20220328","20220329","20220330","20220331","20220401","20220402","20220403","20220404","20220405","20220407","20220408","20220409","20220410","20220411","20220412","20220413","20220414","20220415","20220416","20220417","20220418","20220419","20220420","20220421","20220422","20220423","20220424","20220425","20220426","20220427","20220428","20220429","20220430","20220501","20220502","20220503","20220504","20220505","20220506","20220507","20220508","20220509","20220510","20220511","20220512","20220513","20220514","20220515","20220516","20220517","20220518","20220519","20220520","20220521","20220522","20220523","20220524","20220525","20220526","20220527","20220528","20220529","20220530","20220531","20220601","20220602","20220603","20220604","20220605","20220606","20220607","20220608","20220609","20220610","20220611","20220612","20220613","20220614","20220615","20220616","20220617","20220618","20220619","20220620","20220621","20220622","20220623","20220624","20220625","20220626","20220627","20220628","20220629","20220630","20220701","20220702","20220703","20220704","20220705","20220706","20220707","20220708","20220709","20220710","20220711","20220712","20220713","20220714","20220715","20220716","20220717","20220718","20220719","20220720","20220721","20220722","20220723","20220724","20220725","20220726","20220727","20220728","20220729","20220730","20220731","20220801","20220802","20220803","20220804","20220805","20220806","20220807","20220808","20220809","20220810","20220811","20220812","20220813","20220814","20220815","20220816","20220817","20220818","20220819","20220820","20220821","20220822","20220823","20220824","20220825","20220826","20220827","20220828","20220829","20220830","20220831","20220901","20220902","20220903","20220904")
weight1 <- c(59.8,60,60,59.6,60.3,60.4,60.3,60.2,60.6,60.3,60.1,60.1,59.9,60.4,60,59.2,59.4,60.1,59.7,59,59.6,60.1,59.9,59.5,60.3,59.2,59.3,59.4,59.3,59.3,59.3,59.6,59.6,59.7,59.9,59.3,59.5,59.4,59.7,59.6,59,59.8,60.2,59.8,59.6,59.5,60,59.9,59.5,60.1,59.3,59.8,60.1,60.2,60.1,60.8,60.2,60.1,59.9,59.5,59.5,58.8,58.7,59.5,59.4,59.3,59.9,59.8,59.8,59.3,59.1,59.7,59.9,60.1,59.3,59.6,59.9,59.9,60.1,59.8,59.7,59.6,59.1,59.3,59.7,60.1,60,59,58.9,59.8,58.6,58.4,58.4,58.9,58.5,58.7,58.7,59.4,59.3,59.9,59.4,59.5,59.5,59.2,58.8,59.4,59.3,58.8,58.7,59.5,59.5,59.9,59.3,59.8,58.8,59,58.9,59,59.1,58.9,59.1,59.2,59.4,58.9,59.5,58.9,59.4,59.9,59.2,60.1,59.6,59.8,59,58.5,58.6,59.2,59.7,58.7,58.9,59.2,59.1,59.4,58.9,59.1,59,59.5,59.5,59.5,59.6,59.4,59.3,59.7,58.9,59.5,59.5,59.2,58.6,58.6,58.8,59,59.2,59.7,60.3,59.8,60.1,59.5,58.9,59.5,60.1,60.6,59.8,59.5,59.8,59.5,59.2,59.3,58.7,59.4,59.6,59.1,58.7,59.8,58.6,59.6,59.3,59.5,59.2,59.3,59.9,59.9,60.3,59.6,59.8,59.2,59.4,58.9,58.4,58.7,59,59.2,59.1,59.3,59.3,59.9,60.1,59.5,59.1,59.3,59.5,59.4,59.6,59.1,59.2,59.5,59.3,59.4,59.3,59.4,59.4,59.4,59.1,59.4,59.8,59.9,59.5,59.6,59.7,60,59.5,59.2,60.1,60.2,60.1,59.8,60.1,60.1,60.5,60.5,60,60.2,60.2,60.4,60.3,60,60.6)
weight2 <- c(59.2,59.3,59.5,59,58.8,59.5,59.5,59.4,59.6,59.3,59,59.1,59.2,59.2,59.2,58.6,58.9,59.4,58.9,58.6,58.8,59.5,59.4,59.1,59.4,58.5,58.9,58.7,58.5,58.8,58.3,59,59,59,59.1,58.8,58.7,59,59.1,59,58.6,59.2,59.5,59.1,58.9,58.9,59.1,59.1,58.8,59.2,58.7,59.2,59.3,59.6,59.4,59.8,59.6,59.5,59.2,59,58.7,58.3,58.2,58.8,58.8,58.5,58.9,59,58.9,58.7,58.7,59,59,59.1,58.7,59,59.2,59.1,59,58.9,59.2,59.1,58.5,58.8,59.2,59.5,58.8,58.7,58.4,58.8,58.1,58,58.1,58.6,57.9,58,58.3,58.6,58.8,58.7,58.7,58.7,58.8,58.6,58.4,58.5,58.7,58.4,58.4,58.9,58.6,58.9,58.7,58.6,58.2,58.5,58.3,58.5,58.3,58.3,58.5,58.7,58.7,58.5,58.4,58.4,58.6,59.1,58.6,59,58.7,58.9,58.2,57.4,58.1,58.6,58.9,58.4,58.5,58.7,58.4,58.6,58.5,58.5,58.5,59,59,58.7,59.1,59.1,58.8,59,58.3,57.9,58.6,58.3,58,58.1,58.2,58.1,58.6,58.6,59.4,59.1,59.1,58.6,58.4,59,59.1,59.6,59.3,58.9,59.1,59,58.4,58.6,58.2,58.8,59,58.3,58,58.6,58.1,58.8,58.4,58.4,58.5,58.7,58.3,58.8,58.9,58.9,58.9,58.5,58,58.2,57.9,57.9,58.1,57.9,58.3,58.6,58.6,59.1,58.8,58.8,58.4,58.6,58.5,58.8,59,58.3,58.5,58.7,58.8,58.6,58.3,58.5,58.7,58.6,58.3,59,59,59,58.8,58.8,59.3,59.1,58.8,58.7,59.7,59.2,59,59,59.1,59.2,59.5,59.4,59.2,59.4,59.6,59.7,59.5,59.6,59.7)
plot(c(1:245),weight1,type="b",pch=15,lty=1,col="red",xaxt="n",xlab = "date",ylim=range(56.9:61.3))
lines(c(1:245),weight2,type="b",pch=17,lty=2,col="blue")
legend("topleft",inset=.05,title="体重曲线",c("睡前","醒后"),lty=c(1,2),pch=c(15,17),col=c("red","blue"))
axis(1, c(1:245),date)
