date <- c("20240101","20240102","20240103","20240104","20240105","20240106","20240107","20240108","20240109","20240110","20240111","20240112","20240113","20240114","20240115","20240116","20240117","20240118","20240119","20240120","20240121","20240122","20240123","20240124","20240125","20240126","20240127","20240128","20240129","20240130","20240131","20240201","20240202","20240203","20240204","20240205","20240206","20240207","20240208","20240209","20240210","20240211","20240212","20240213","20240214","20240215","20240216","20240217","20240218","20240219","20240220","20240221","20240222","20240223","20240224","20240225","20240226","20240228","20240229","20240301","20240302","20240303","20240304","20240305","20240306","20240307","20240308","20240309","20240310","20240311","20240312","20240313","20240314","20240315","20240316","20240317","20240318","20240319","20240320","20240321","20240322","20240323","20240324","20240325","20240326","20240327","20240328","20240329","20240330","20240331","20240401","20240402","20240403","20240404","20240405","20240406","20240407","20240408","20240409","20240410","20240411","20240412","20240413","20240414","20240415","20240416","20240417","20240418","20240419","20240420","20240421","20240422","20240423","20240424","20240425","20240426","20240427","20240428","20240429","20240430","20240501","20240502","20240503","20240504","20240505","20240506","20240507","20240508","20240509","20240510","20240511","20240512","20240513","20240514","20240515","20240516","20240517","20240518","20240519","20240520","20240521","20240522","20240523","20240524","20240525","20240526","20240527","20240528","20240529","20240530","20240531","20240601","20240602","20240603","20240604","20240605","20240606","20240607","20240608","20240609","20240610","20240611","20240612","20240613","20240614","20240615","20240616","20240617","20240618","20240619","20240620")
weight1 <- c(52.2,52,52,52.2,52.3,52.4,52.3,52.1,52.1,52.9,52.9,52.2,52.3,53.7,52.9,53.4,52.7,52.6,52.7,52.6,52.4,52.5,53.1,52.7,52.6,52.8,53,53.2,52.9,52.6,52.8,53,52.7,52.1,52.9,52.2,52.3,52.9,52,51.8,52.4,52.3,52.2,52.3,52.5,52.9,52.3,51.9,52.5,52.4,52.2,52.4,52.1,52.2,52.6,52.5,52.3,52.6,52.6,52.7,52.5,52.4,52.8,52.4,53.1,53.1,53,52.7,53.3,52.8,52.7,52.2,52.2,52.2,52.2,52.1,51.7,52,51.2,52.3,52.1,51.3,52.1,51.6,52,51.8,52.2,52.1,52,52.3,52.1,52.1,52.2,52.2,52.1,52.2,52.7,52.2,52,51.8,52.2,52.2,52.2,52.1,52.4,52.6,51.8,51.8,51.8,51.8,52.5,52.7,52,52.4,51.8,52.3,52.1,52.2,52.1,52.1,52.3,51.9,51.9,52.2,52,51.9,51.8,52.1,51.7,52.3,51.9,52.1,52.2,52.1,52.1,52.7,52.2,52.4,52.2,52.2,52,52.7,52.5,52.6,52.2,52.2,52.7,51.8,52.2,51.8,51.5,52.2,51.5,51.7,51.4,51.8,51.7,51.6,51.8,51.9,51.9,51.8,51.8,51.8,51.7,52.1,51.9,52.1,51.6,51.6,51.6)
weight2 <- c(51.4,51,51.2,51.1,51.4,50.8,51.4,51.3,50.9,52.2,51.7,51.1,51.3,51.3,51.5,50.5,51.5,51,51.3,51.3,51.5,51.3,51.4,51.7,51.5,51.6,51.6,51.4,51.4,51.1,51.7,51.5,51.5,51.1,51.3,51.6,50.7,51.8,51.4,51.3,51.2,51.4,51.5,51.2,51.8,51.7,51.5,51,51.7,51.6,51.3,51.4,51.3,51.4,51.2,51.9,51.3,51.2,51.6,51.8,51.3,51.8,51.4,51.2,51.9,51.9,51.8,51.5,52.3,52,51.6,51.3,51.5,51.4,51.3,51.1,51.2,51.2,50.8,50.9,51.4,50.5,51.4,51,51.1,51.1,51.3,51.3,51.2,51.4,51.3,51,51.3,51.3,51.4,51.2,51.6,51.2,51.1,51.2,51.3,51.1,50.9,51,51.2,51,50.9,51,50.9,50.7,51.5,51.4,51,51.3,51.3,51.6,51.3,51.2,51.4,51.1,51.3,51.2,51.4,51.3,51.4,51,51,51.3,51.2,51.6,51.4,51.4,51.5,51.4,51.6,51.7,51.3,51.2,51.2,51.4,51.2,51.4,51.5,51.5,51.3,51.3,51.6,51,51.2,51,50.7,51.4,50.8,50.8,50.8,51,51.2,51.1,51,51.4,51,50.8,50.8,50.8,50.7,51.1,50.7,51.4,50.8,50.6,50.2)
energy <- c(1999.026,2000.455,1999.334,1998.915,1990.884,2269.863,1996.331,2000.460,3153.442,2005.303,2002.783,2001.467,2000.054,2000.889,1412.725,1992.997,1995.662,2007.839,2004.432,1982.020,1981.004,1990.419,1982.030,1978.158,1887.264,1889.807,1322.207,1878.585,1669.401,1893.604,1883.354,1900.504,1805.540,1897.894,1894.466,1910.944,1892.072,1892.289,1899.379,1914.790,1900.786,1904.762,1899.779,1900.641,1903.275,1902.796,1895.663,1899.546,1896.953,1896.876,1888.477,1889.019,1881.314,1890.522,1893.916,1901.635,1900.447,1888.387,1900.120,1827.912,1850.050,1850.829,1848.745,2484.992,1819.246,1859.069,1842.442,1847.437,1852.103,1846.996,1847.888,1844.344,1842.057,1847.296,1844.749,2215.290,1854.029,1850.611,1851.789,1849.747,1843.544,2330.022,1826.776,1865.642,1843.305,1851.920,1846.869,1855.440,1902.518,1849.705,1845.614,1851.723,1847.565,1854.921,1845.991,1833.583,1839.225,1841.148,1850.410,1849.070,1849.812,1924.647,1851.700,1845.158,1846.021,1849.519,1844.588,1851.124,1850.280,3457.473,1779.723,1849.492,1851.995,1850.803,1850.947,1839.186,1837.125,1850.315,1848.734,1850.254,1862.936,1843.540,1849.903,1844.180,1845.540,1848.927,1849.776,1851.669,1852.051,1852.110,1859.184,1838.014,1847.108,1845.549,1817.219,1812.350,1803.882,1811.325,1825.055,1825.567,1825.037,1821.174,1821.027,1825.017,1841.027,3227.010,1825.779,1835.972,1854.933,1828.872,2855.740,1818.138,1817.060,1813.326,1821.139,1815.121,1824.489,1830.321,1829.255,1840.982,1832.869,1807.599,1825.849,1825.277,1829.155,1828.094,2710.559,1790.468,1826.310,2128.040,1643.750)
opar <- par(mar = c(5,4,4,5))
plot(c(1:171),weight1,type="s",col="red",xaxt="n",xlab = "date",ylab = "weight(kg)",ylim=range(49.7:54.2))
lines(c(1:171),weight2,type="s",col="blue")
legend("topright",inset=.05,title="体重曲线",c("睡前","醒后(辅助线:50.5~51.5)","热量"),lty=c(1,1,1),col=c("red","blue","green"))
abline(h = 51.5,col="blue",lty = 3)
abline(h = 50.5,col="blue",lty = 3)
axis(1, c(1:171),date)
par(new = TRUE)
plot(c(1:171), energy,type="s", pch = "+", col = "green", axes = FALSE, xlab = "", ylab = "")
axis(side = 4, at = pretty(range(energy)))
mtext("energy(kcal)", side = 4, line = 3)