date <- c("20250401","20250402","20250403","20250404","20250405","20250406","20250407","20250408","20250409","20250410","20250411","20250412","20250413","20250414","20250415","20250416","20250417","20250418","20250419","20250420","20250421","20250422","20250423","20250424","20250425","20250426","20250427","20250428","20250429","20250430","20250501","20250502","20250503","20250504","20250505","20250506","20250507","20250508","20250509","20250510","20250511","20250512","20250513","20250514","20250515","20250516","20250517","20250518","20250519","20250520","20250521","20250522","20250523","20250524","20250525","20250526","20250527","20250528","20250529","20250530","20250531","20250601","20250602","20250603","20250604","20250605","20250606","20250607","20250608","20250609","20250610","20250611","20250612","20250613","20250614","20250615","20250616","20250617","20250618","20250619","20250620","20250621","20250622","20250623","20250624","20250625","20250626","20250627","20250628","20250629","20250630")
weight1 <- c(53.5,53.8,53.9,54.2,54.4,55.5,54.6,54.9,54.3,53.8,53.7,54.1,54.4,53.7,54.2,54.2,54.3,54.2,54,54,54.3,54.4,54.5,54.2,54.2,54.3,54.4,54.7,54.6,54.6,54.5,54.4,54.7,54.6,55.1,54.5,54.3,54.2,53.4,53.9,54.4,54.3,54,54.2,54.1,53.9,54.2,54.2,54.5,54.3,55.1,55,54.6,54.4,53.9,53.9,53.8,54,54.3,53.7,53.8,53.7,53.8,53.9,54.2,53.9,54.5,54.6,54.1,54.2,54.4,54.4,54,54,53.8,54.3,54.3,54.2,54.5,54.3,53.8,54.1,54.5,54.2,54.2,54.9,54.7,54.3,54,55.1,54.4)
weight2 <- c(53,53.4,53.3,53.8,53.6,54.7,54,54,53.5,53.4,53.2,53.4,53.5,53.3,53.7,52.4,53,52.9,53,53.7,53.7,53.4,53.7,53.5,53.4,53.4,53.9,53.9,53.7,53.9,53.8,53.7,53.5,53.9,54,53.4,53.5,53.5,53.1,53.1,53.7,53.6,53.2,53.7,53.3,53.1,53,53.4,53.4,52.9,54.1,53.6,53.4,53.7,53,52.6,52.3,53.1,53.3,53.2,52.6,52.8,52.7,52.8,53.6,53.1,53.7,53,53.3,53.2,53,53.4,53.5,52.9,52.9,53.6,53.3,52.8,53.9,53.4,53.2,53.1,53.9,53.4,53.5,54,53.6,53.5,53.3,54.3,53.6)
energy <- c(2999.102,1870.577,1901.554,1898.741,3369.651,1846.429,1827.302,1859.927,1845.789,1847.591,1874.521,1867.174,1900.936,1866.001,1389.529,1735.674,1364.587,1848.039,1860.782,1831.879,1805.917,1848.772,1769.980,1819.972,1816.056,2038.337,1815.371,1786.850,1808.836,1813.246,1794.939,1814.685,1785.197,1798.568,1794.527,1792.526,1792.117,1855.742,1776.462,2617.732,1808.773,1776.368,2414.876,1800.841,1357.274,1801.340,2359.943,1794.740,1418.591,2816.583,1401.438,1775.624,1895.395,1384.067,1343.163,1293.891,2324.761,1523.029,1766.226,1766.962,1599.679,1598.284,1634.590,2627.220,1521.766,2383.215,1766.634,2351.584,1474.670,1763.959,2350.219,1748.809,1778.186,1763.855,3154.094,1766.466,1333.788,3444.212,1753.171,1766.792,1742.616,3512.619,1753.164,1751.357,3159.922,1736.991,1749.559,1752.997,2806.483,1756.211,1734.630)
opar <- par(mar = c(5,4,4,5))
plot(c(1:91),weight1,type="s",col="red",xaxt="n",xlab = "date",ylab = "weight(kg)",ylim=range(51.8:56))
lines(c(1:91),weight2,type="s",col="blue")
legend("topright",inset=.05,title="体重曲线",c("睡前","醒后(辅助线:50.5~51.5)","热量"),lty=c(1,1,1),col=c("red","blue","green"))
abline(h = 51.5,col="blue",lty = 3)
abline(h = 50.5,col="blue",lty = 3)
axis(1, c(1:91),date)
par(new = TRUE)
plot(c(1:91), energy,type="s", pch = "+", col = "green", axes = FALSE, xlab = "", ylab = "")
axis(side = 4, at = pretty(range(energy)))
mtext("energy(kcal)", side = 4, line = 3)